desc: I1 cache:         32768 B, 64 B, 4-way associative
desc: D1 cache:         32768 B, 64 B, 8-way associative
desc: LL cache:         3145728 B, 64 B, 12-way associative
cmd: ./serial
events: Ir I1mr ILmr Dr D1mr DLmr Dw D1mw DLmw 
fl=/build/eglibc-oGUzwX/eglibc-2.19/csu/../csu/init-first.c
fn=_init
52 8 1 1 0 0 0 4 0 0
58 4 1 1 1 0 0 1 1 1
65 5 1 1 4 0 0 0 0 0
70 1 0 0 0 0 0 1 1 1
71 1 0 0 0 0 0 1 0 0
72 2 0 0 1 0 0 1 1 1
86 4 0 0 0 0 0 1 0 0
94 1 0 0 0 0 0 1 0 0
99 6 0 0 5 0 0 0 0 0
fl=/build/eglibc-oGUzwX/eglibc-2.19/csu/../sysdeps/generic/dl-hash.h
fn=_init
43 1 0 0 0 0 0 0 0 0
44 1 0 0 0 0 0 0 0 0
45 13 0 0 4 0 0 0 0 0
48 12 0 0 0 0 0 0 0 0
49 8 0 0 0 0 0 0 0 0
62 8 0 0 0 0 0 0 0 0
67 1 1 1 0 0 0 0 0 0
fl=/build/eglibc-oGUzwX/eglibc-2.19/csu/../sysdeps/unix/sysv/linux/x86_64/init-first.c
fn=_init
38 7 1 1 0 0 0 4 0 0
40 4 0 0 0 0 0 1 0 0
41 2 0 0 0 0 0 0 0 0
42 2 1 1 0 0 0 0 0 0
43 2 1 1 1 0 0 0 0 0
44 1 0 0 0 0 0 1 1 0
46 3 0 0 0 0 0 1 0 0
50 3 0 0 0 0 0 0 0 0
51 2 0 0 1 0 0 0 0 0
52 1 0 0 0 0 0 1 0 0
fl=/build/eglibc-oGUzwX/eglibc-2.19/csu/../sysdeps/x86_64/multiarch/init-arch.c
fn=__init_cpu_features
31 7 1 1 0 0 0 4 0 0
37 3 0 0 0 0 0 0 0 0
38 3 0 0 0 0 0 0 0 0
39 2 0 0 0 0 0 0 0 0
45 1 0 0 0 0 0 1 0 0
54 3 1 1 0 0 0 1 0 0
57 6 0 0 0 0 0 0 0 0
59 2 0 0 0 0 0 0 0 0
65 3 0 0 0 0 0 0 0 0
66 2 1 1 0 0 0 0 0 0
71 2 0 0 0 0 0 0 0 0
74 8 1 1 0 0 0 0 0 0
123 1 1 1 1 1 1 0 0 0
127 1 1 1 0 0 0 0 0 0
152 2 1 1 1 0 0 0 0 0
153 7 0 0 0 0 0 4 0 0
160 3 0 0 1 0 0 0 0 0
184 6 2 2 0 0 0 0 0 0
185 5 0 0 0 0 0 0 0 0
186 2 0 0 0 0 0 0 0 0
189 1 0 0 0 0 0 1 0 0
190 1 0 0 0 0 0 1 0 0
192 1 0 0 0 0 0 1 0 0
193 2 0 0 2 0 0 0 0 0
fl=/build/eglibc-oGUzwX/eglibc-2.19/csu/libc-start.c
fn=(below main)
133 10 1 1 0 0 0 8 0 0
137 7 2 2 1 0 0 1 0 0
219 2 0 0 0 0 0 0 0 0
220 4 0 0 0 0 0 1 0 0
242 6 0 0 2 0 0 0 0 0
245 2 0 0 0 0 0 0 0 0
246 5 1 1 4 0 0 1 0 0
250 4 0 0 2 0 0 0 0 0
265 2 0 0 0 0 0 0 0 0
274 2 0 0 0 0 0 1 0 0
275 2 1 1 0 0 0 0 0 0
280 2 0 0 1 1 0 1 0 0
281 2 0 0 1 1 0 1 0 0
284 2 0 0 0 0 0 1 0 0
287 6 0 0 5 0 0 1 0 0
321 2 0 0 0 0 0 1 0 0
fl=/build/eglibc-oGUzwX/eglibc-2.19/ctype/ctype-info.c
fn=__ctype_init
31 7 2 2 5 3 0 1 0 0
33 4 0 0 2 0 0 1 0 0
35 5 1 1 3 0 0 1 0 0
fl=/build/eglibc-oGUzwX/eglibc-2.19/elf/../elf/dl-runtime.c
fn=_dl_fixup
66 40 2 2 0 0 0 24 0 0
68 8 0 0 8 0 0 0 0 0
69 16 0 0 16 0 0 0 0 0
72 40 0 0 16 2 0 0 0 0
73 56 0 0 16 1 0 8 0 0
74 24 1 1 16 0 0 0 0 0
79 16 0 0 0 0 0 0 0 0
83 16 0 0 8 3 2 0 0 0
85 2 0 0 0 0 0 0 0 0
87 24 0 0 8 1 0 0 0 0
91 14 0 0 14 2 0 0 0 0
92 28 2 1 7 0 0 0 0 0
94 28 0 0 7 1 0 0 0 0
100 8 0 0 0 0 0 0 0 0
101 24 0 0 8 0 0 0 0 0
108 16 0 0 8 1 0 8 0 0
111 80 1 1 16 1 0 24 0 0
115 24 0 0 8 0 0 0 0 0
119 32 1 1 8 0 0 8 0 0
125 48 0 0 16 0 0 0 0 0
133 8 0 0 8 0 0 0 0 0
141 32 0 0 8 0 0 0 0 0
145 24 0 0 8 0 0 0 0 0
149 40 0 0 32 0 0 0 0 0
fl=/build/eglibc-oGUzwX/eglibc-2.19/elf/../elf/dl-sysdep.c
fn=_dl_sysdep_start
86 8 1 1 0 0 0 7 1 1
87 2 0 0 0 0 0 0 0 0
88 1 0 0 0 0 0 0 0 0
110 1 0 0 0 0 0 1 0 0
111 213 1 1 69 9 9 4 3 3
114 2 0 0 0 0 0 1 0 0
115 1 0 0 0 0 0 1 1 1
117 90 4 4 23 1 1 10 0 0
118 111 0 0 21 3 3 0 0 0
121 1 0 0 1 0 0 0 0 0
122 1 0 0 0 0 0 0 0 0
124 1 0 0 1 1 1 0 0 0
125 1 0 0 0 0 0 0 0 0
127 1 1 1 1 1 1 0 0 0
128 1 0 0 0 0 0 0 0 0
130 1 0 0 1 0 0 0 0 0
131 1 0 0 0 0 0 0 0 0
151 1 1 1 1 1 1 0 0 0
152 1 0 0 0 0 0 0 0 0
154 1 0 0 1 0 0 0 0 0
155 1 0 0 0 0 0 0 0 0
157 1 1 1 1 0 0 0 0 0
158 1 0 0 0 0 0 0 0 0
163 1 0 0 1 0 0 0 0 0
164 1 0 0 0 0 0 0 0 0
179 1 0 0 1 0 0 0 0 0
180 1 0 0 0 0 0 0 0 0
232 3 1 1 0 0 0 2 0 0
234 5 0 0 0 0 0 1 0 0
246 3 1 1 1 0 0 0 0 0
249 6 0 0 2 0 0 1 0 0
250 1 0 0 1 0 0 0 0 0
251 8 0 0 7 1 0 0 0 0
fn=_dl_sysdep_start_cleanup
256 1 1 1 1 0 0 0 0 0
fl=/build/eglibc-oGUzwX/eglibc-2.19/elf/../misc/sbrk.c
fn=sbrk
34 4 1 1 0 0 0 2 0 0
42 6 0 0 2 0 0 0 0 0
46 2 1 1 0 0 0 0 0 0
57 5 0 0 3 0 0 0 0 0
fl=/build/eglibc-oGUzwX/eglibc-2.19/elf/../sysdeps/unix/sysv/linux/dl-osinfo.h
fn=security_init
61 2 0 0 0 0 0 0 0 0
84 2 1 1 1 0 0 1 0 0
86 1 1 1 1 0 0 0 0 0
93 1 0 0 1 0 0 0 0 0
101 2 0 0 0 0 0 0 0 0
112 1 0 0 1 0 0 0 0 0
fl=/build/eglibc-oGUzwX/eglibc-2.19/elf/../sysdeps/unix/sysv/linux/dl-sysdep.c
fn=_dl_discover_osversion
45 7 1 1 0 0 0 6 0 0
47 3 0 0 1 0 0 0 0 0
87 5 1 1 0 0 0 1 1 1
102 1 0 0 0 0 0 0 0 0
106 1 0 0 0 0 0 0 0 0
107 1 0 0 0 0 0 0 0 0
109 12 1 1 3 1 1 0 0 0
111 6 0 0 0 0 0 0 0 0
113 17 0 0 4 0 0 0 0 0
115 1 0 0 0 0 0 0 0 0
116 2 0 0 0 0 0 0 0 0
119 3 0 0 0 0 0 0 0 0
120 3 0 0 0 0 0 0 0 0
121 3 0 0 0 0 0 0 0 0
123 13 1 1 0 0 0 0 0 0
128 2 0 0 0 0 0 0 0 0
132 8 0 0 7 0 0 0 0 0
fn=_dl_sysdep_start
35 2 0 0 0 0 0 1 0 0
fl=/build/eglibc-oGUzwX/eglibc-2.19/elf/../sysdeps/unix/sysv/linux/dl-vdso.c
fn=_dl_vdso_vsym
26 5 0 0 0 0 0 0 0 0
27 10 1 1 10 1 0 0 0 0
28 10 1 1 5 0 0 0 0 0
31 10 0 0 0 0 0 0 0 0
fl=/build/eglibc-oGUzwX/eglibc-2.19/elf/../sysdeps/unix/sysv/linux/x86_64/brk.c
fn=brk
28 1 0 0 0 0 0 0 0 0
31 7 1 1 0 0 0 1 1 1
33 2 0 0 0 0 0 0 0 0
39 1 0 0 0 0 0 0 0 0
40 1 0 0 1 0 0 0 0 0
fl=/build/eglibc-oGUzwX/eglibc-2.19/elf/../sysdeps/x86_64/dl-irel.h
fn=_dl_fixup
32 3 1 1 0 0 0 1 0 0
fl=/build/eglibc-oGUzwX/eglibc-2.19/elf/../sysdeps/x86_64/dl-machine.h
fn=_dl_fixup
210 8 1 1 0 0 0 8 0 0
fn=_dl_relocate_object
71 16 0 0 4 0 0 0 0 0
77 6 1 1 6 2 0 0 0 0
81 9 1 1 3 3 2 0 0 0
87 3 0 0 0 0 0 3 0 0
95 9 0 0 3 0 0 0 0 0
108 6 0 0 0 0 0 3 0 0
111 12 1 1 3 2 0 0 0 0
244 200 0 0 0 0 0 0 0 0
265 200 1 1 0 0 0 0 0 0
269 200 0 0 0 0 0 0 0 0
276 3998 11 11 793 85 73 702 4 0
278 455 1 1 188 0 0 0 0 0
281 376 0 0 94 0 0 0 0 0
287 700 0 0 100 3 3 0 0 0
320 2 1 1 0 0 0 0 0 0
321 3 0 0 1 0 0 1 0 0
382 30 1 1 10 0 0 0 0 0
386 50 1 1 10 1 0 0 0 0
391 50 0 0 20 1 1 10 8 8
410 267 1 1 89 12 11 89 11 6
422 18 0 0 0 0 0 6 1 0
487 3582 0 0 1194 299 299 0 0 0
492 2388 0 0 0 0 0 0 0 0
493 3582 0 0 1194 149 149 1194 228 226
503 39 0 0 22 0 0 0 0 0
507 34 0 0 0 0 0 0 0 0
509 51 0 0 17 0 0 0 0 0
510 17 0 0 17 3 2 0 0 0
527 10 0 0 10 1 1 0 0 0
529 5 0 0 0 0 0 5 0 0
530 5 0 0 0 0 0 5 0 0
fn=_dl_start
58 3 0 0 1 1 1 0 0 0
241 9 1 1 0 0 0 0 0 0
269 18 0 0 0 0 0 0 0 0
278 36 0 0 18 2 2 0 0 0
281 36 0 0 9 5 5 0 0 0
287 55 0 0 9 2 2 0 0 0
391 9 1 1 9 1 1 0 0 0
400 9 0 0 0 0 0 9 2 2
492 20 0 0 10 1 1 0 0 0
493 30 0 0 10 1 1 10 2 2
fn=_dl_sysdep_start
200 5 0 0 2 1 1 0 0 0
fl=/build/eglibc-oGUzwX/eglibc-2.19/elf/../sysdeps/x86_64/dl-trampoline.S
fn=_dl_runtime_resolve
34 8 1 1 0 0 0 0 0 0
36 8 0 0 0 0 0 8 0 0
37 8 0 0 0 0 0 8 0 0
38 8 0 0 0 0 0 8 0 0
39 8 0 0 0 0 0 8 0 0
40 8 0 0 0 0 0 8 0 0
41 8 1 1 0 0 0 8 0 0
42 8 0 0 0 0 0 8 0 0
43 8 0 0 8 0 0 0 0 0
44 8 0 0 8 0 0 0 0 0
45 8 0 0 0 0 0 8 0 0
46 8 0 0 0 0 0 0 0 0
47 8 0 0 8 0 0 0 0 0
48 8 0 0 8 0 0 0 0 0
49 8 0 0 8 0 0 0 0 0
50 8 0 0 8 0 0 0 0 0
51 8 0 0 8 0 0 0 0 0
52 8 0 0 8 0 0 0 0 0
53 8 0 0 8 0 0 0 0 0
54 8 0 0 0 0 0 0 0 0
56 8 1 1 0 0 0 0 0 0
fl=/build/eglibc-oGUzwX/eglibc-2.19/elf/dl-altinit.c
fn=dlinit_alt
33 3 0 0 2 0 0 0 0 0
34 1 0 0 1 0 0 0 0 0
fl=/build/eglibc-oGUzwX/eglibc-2.19/elf/dl-cache.c
fn=_dl_cache_libcmp
138 27 1 1 18 8 8 0 0 0
139 100 0 0 0 0 0 0 0 0
141 144 0 0 0 0 0 0 0 0
143 52 0 0 0 0 0 0 0 0
149 6 1 1 0 0 0 0 0 0
150 4 0 0 0 0 0 0 0 0
151 8 0 0 2 0 0 0 0 0
153 10 1 1 2 0 0 0 0 0
155 4 0 0 0 0 0 0 0 0
161 92 1 1 0 0 0 0 0 0
163 170 0 0 78 0 0 0 0 0
164 7 0 0 0 0 0 0 0 0
167 39 0 0 0 0 0 0 0 0
168 39 0 0 0 0 0 0 0 0
171 4 0 0 0 0 0 0 0 0
172 18 0 0 9 0 0 0 0 0
fn=_dl_load_cache_lookup
182 8 1 1 0 0 0 6 0 0
190 2 0 0 1 0 0 0 0 0
193 3 0 0 1 0 0 0 0 0
196 5 1 1 0 0 0 1 0 0
204 5 0 0 1 0 0 0 0 0
205 6 1 1 0 0 0 1 0 0
209 1 0 0 0 0 0 1 0 0
212 4 0 0 1 0 0 0 0 0
215 2 0 0 0 0 0 1 0 0
216 3 0 0 0 0 0 0 0 0
217 5 1 1 0 0 0 1 0 0
219 2 0 0 0 0 0 0 0 0
244 3 1 1 1 0 0 0 0 0
253 5 0 0 2 0 0 1 0 0
259 4 0 0 0 0 0 2 0 0
263 7 1 1 2 0 0 2 0 0
264 6 0 0 3 0 0 0 0 0
278 216 9 9 31 8 8 10 0 0
294 2 1 1 1 0 0 0 0 0
299 9 0 0 7 0 0 0 0 0
fn=_dl_unload_cache
308 1 0 0 0 0 0 0 0 0
309 4 1 1 1 1 0 0 0 0
311 2 0 0 1 1 0 1 0 0
312 1 0 0 0 0 0 1 0 0
314 2 0 0 1 0 0 0 0 0
fl=/build/eglibc-oGUzwX/eglibc-2.19/elf/dl-debug.c
fn=_dl_debug_initialize
50 8 1 1 0 0 0 0 0 0
51 4 1 1 4 0 0 0 0 0
55 14 0 0 4 1 0 0 0 0
58 1 0 0 0 0 0 1 0 0
59 2 0 0 0 0 0 1 0 0
60 6 0 0 2 0 0 1 0 0
61 2 0 0 0 0 0 1 0 0
fn=_dl_debug_state
74 2 0 0 2 0 0 0 0 0
fl=/build/eglibc-oGUzwX/eglibc-2.19/elf/dl-deps.c
fn=_dl_map_object_deps
147 11 2 2 0 0 0 9 0 0
148 9 0 0 0 0 0 1 0 0
160 6 0 0 0 0 0 2 0 0
161 2 1 1 0 0 0 2 0 0
162 10 0 0 0 0 0 3 0 0
164 1 0 0 0 0 0 0 0 0
168 8 1 1 2 0 0 2 0 0
178 8 0 0 1 0 0 0 0 0
179 1 0 0 1 0 0 0 0 0
182 3 0 0 0 0 0 2 0 0
188 1 0 0 0 0 0 1 0 0
189 1 0 0 0 0 0 1 0 0
201 2 1 1 1 0 0 1 0 0
202 1 0 0 0 0 0 0 0 0
203 1 0 0 0 0 0 1 0 0
204 2 1 1 0 0 0 2 0 0
209 4 0 0 0 0 0 0 0 0
210 4 0 0 0 0 0 0 0 0
213 4 1 1 0 0 0 4 0 0
217 16 1 1 8 0 0 0 0 0
218 17 1 1 7 0 0 0 0 0
220 2 0 0 0 0 0 0 0 0
222 6 0 0 4 0 0 0 0 0
224 26 1 1 2 0 0 4 0 0
229 16 0 0 8 0 0 0 0 0
231 6 0 0 4 0 0 2 0 0
236 2 0 0 0 0 0 2 0 0
237 2 0 0 0 0 0 2 0 0
238 4 0 0 2 0 0 2 0 0
239 4 0 0 2 0 0 2 0 0
242 206 1 1 54 0 0 2 0 0
243 96 1 1 0 0 0 0 0 0
249 14 0 0 4 0 0 2 0 0
251 2 0 0 0 0 0 2 0 0
254 12 1 1 8 0 0 2 0 0
256 6 0 0 2 0 0 0 0 0
271 2 0 0 2 0 0 0 0 0
273 4 0 0 2 0 0 0 0 0
278 6 1 1 0 0 0 0 0 0
281 2 0 0 0 0 0 2 0 0
282 2 0 0 0 0 0 2 0 0
283 2 0 0 0 0 0 2 0 0
284 4 0 0 2 0 0 2 0 0
286 8 1 1 2 0 0 2 0 0
288 10 0 0 2 0 0 4 0 0
292 4 0 0 0 0 0 0 0 0
293 3 0 0 0 0 0 1 0 0
295 138 2 2 0 0 0 0 0 0
343 9 0 0 0 0 0 4 0 0
471 8 0 0 0 0 0 0 0 0
473 6 0 0 0 0 0 2 0 0
475 4 0 0 0 0 0 2 0 0
476 4 1 1 0 0 0 0 0 0
477 4 0 0 0 0 0 0 0 0
480 2 0 0 0 0 0 2 1 1
481 12 0 0 0 0 0 2 0 0
482 10 0 0 0 0 0 2 0 0
485 2 0 0 0 0 0 2 0 0
486 2 0 0 2 0 0 0 0 0
490 16 1 1 8 0 0 0 0 0
492 4 1 1 4 0 0 0 0 0
493 17 0 0 3 0 0 0 0 0
497 6 0 0 2 0 0 0 0 0
498 2 0 0 1 0 0 1 0 0
501 5 1 1 2 0 0 1 0 0
511 2 1 1 0 0 0 1 0 0
512 3 0 0 1 0 0 0 0 0
514 2 0 0 0 0 0 0 0 0
519 7 0 0 2 0 0 1 0 0
520 4 0 0 1 0 0 1 0 0
522 23 1 1 9 0 0 1 0 0
528 12 0 0 4 0 0 4 2 2
532 8 0 0 8 0 0 0 0 0
535 2 0 0 1 0 0 0 0 0
586 6 1 1 3 0 0 1 0 0
587 1 1 1 0 0 0 1 0 0
588 3 0 0 1 0 0 0 0 0
623 7 1 1 1 0 0 2 0 0
625 3 0 0 0 0 0 0 0 0
629 16 1 1 6 0 0 3 0 0
630 8 2 2 0 0 0 2 0 0
631 3 0 0 1 0 0 1 0 0
635 3 0 0 3 0 0 0 0 0
636 6 0 0 3 0 0 0 0 0
642 17 0 0 3 0 0 0 0 0
644 12 0 0 6 0 0 0 0 0
645 8 0 0 0 0 0 0 0 0
647 9 0 0 3 0 0 0 0 0
648 6 0 0 0 0 0 0 0 0
658 2 2 2 2 0 0 0 0 0
670 3 1 1 0 0 0 0 0 0
673 9 0 0 3 0 0 0 0 0
676 35 0 0 9 0 0 9 0 0
683 2 0 0 1 0 0 1 0 0
685 2 0 0 1 0 0 1 0 0
686 1 0 0 1 0 0 0 0 0
687 3 0 0 1 0 0 0 0 0
694 3 0 0 1 0 0 0 0 0
697 2 0 0 0 0 0 0 0 0
700 8 0 0 7 0 0 0 0 0
fn=openaux
60 4 1 1 0 0 0 2 0 0
63 20 0 0 8 0 0 4 0 0
64 4 1 1 2 0 0 0 0 0
67 2 0 0 2 0 0 0 0 0
68 4 0 0 4 0 0 0 0 0
fl=/build/eglibc-oGUzwX/eglibc-2.19/elf/dl-environ.c
fn=_dl_next_ld_env_entry
30 3 1 1 3 0 0 0 0 0
31 1 0 0 0 0 0 0 0 0
33 206 0 0 68 0 0 0 0 0
35 134 0 0 67 32 32 0 0 0
36 22 1 1 10 0 0 0 0 0
38 2 0 0 0 0 0 0 0 0
41 4 0 0 0 0 0 2 0 0
43 2 0 0 2 0 0 0 0 0
46 65 0 0 0 0 0 0 0 0
50 1 0 0 1 0 0 0 0 0
fl=/build/eglibc-oGUzwX/eglibc-2.19/elf/dl-error.c
fn=_dl_catch_error
163 12 1 1 0 0 0 9 0 0
175 6 0 0 0 0 0 6 2 2
176 6 0 0 0 0 0 6 0 0
177 6 1 1 0 0 0 6 0 0
178 6 0 0 0 0 0 3 0 0
180 6 0 0 3 0 0 6 1 1
181 6 0 0 3 0 0 3 0 0
182 6 0 0 0 0 0 3 0 0
185 18 0 0 0 0 0 3 0 0
187 9 1 1 6 0 0 3 0 0
188 9 0 0 6 0 0 3 0 0
189 6 0 0 3 0 0 3 0 0
190 6 0 0 3 0 0 3 0 0
191 6 0 0 3 0 0 3 0 0
199 12 0 0 6 0 0 0 0 0
fn=_dl_receive_error
205 10 1 1 0 0 0 6 0 0
206 2 0 0 1 0 0 1 0 0
210 1 0 0 1 0 0 0 0 0
211 1 0 0 1 0 0 0 0 0
214 1 0 0 0 0 0 1 0 0
215 1 1 1 0 0 0 1 0 0
217 2 0 0 0 0 0 1 0 0
219 1 0 0 0 0 0 1 0 0
220 1 0 0 0 0 0 1 0 0
221 8 0 0 7 0 0 0 0 0
fl=/build/eglibc-oGUzwX/eglibc-2.19/elf/dl-fini.c
fn=_dl_fini
131 8 2 2 0 0 0 6 0 0
143 1 0 0 0 0 0 0 0 0
144 1 0 0 0 0 0 1 0 0
150 1 0 0 0 0 0 1 0 0
153 12 1 1 2 1 0 2 0 0
156 2 0 0 1 1 0 1 0 0
159 2 1 1 2 0 0 0 0 0
162 2 0 0 0 0 0 0 0 0
164 6 0 0 3 0 0 0 0 0
171 2 0 0 1 0 0 0 0 0
175 4 0 0 1 0 0 0 0 0
177 2 0 0 1 0 0 0 0 0
180 9 1 1 0 0 0 1 0 0
183 2 0 0 0 0 0 1 0 0
191 12 0 0 4 0 0 0 0 0
193 8 0 0 4 0 0 0 0 0
195 8 1 1 4 0 0 0 0 0
197 12 0 0 4 0 0 4 0 0
198 4 0 0 0 0 0 4 0 0
199 4 0 0 4 0 0 0 0 0
203 4 0 0 4 0 0 0 0 0
205 2 0 0 1 0 0 0 0 0
210 6 1 1 2 0 0 1 0 0
219 2 0 0 1 0 0 1 0 0
223 13 0 0 5 0 0 0 0 0
225 4 0 0 4 0 0 0 0 0
227 12 0 0 4 0 0 0 0 0
230 8 0 0 0 0 0 4 0 0
233 12 1 1 4 0 0 0 0 0
234 4 1 1 2 0 0 0 0 0
237 4 0 0 2 0 0 0 0 0
244 4 0 0 0 0 0 0 0 0
248 4 0 0 4 0 0 0 0 0
249 2 0 0 2 0 0 0 0 0
250 4 0 0 2 0 0 0 0 0
251 12 0 0 0 0 0 0 0 0
252 4 1 1 2 0 0 2 0 0
256 6 0 0 2 0 0 0 0 0
257 6 0 0 4 1 0 2 0 0
262 24 0 0 8 0 0 0 0 0
278 8 1 1 4 0 0 0 0 0
283 6 0 0 2 0 0 0 0 0
289 2 2 2 1 0 0 0 0 0
296 8 0 0 7 0 0 0 0 0
fn=_dl_sort_fini
32 13 2 2 0 0 0 10 0 0
34 2 0 0 0 0 0 0 0 0
39 4 0 0 0 0 0 1 0 0
40 6 0 0 0 0 0 1 0 0
41 3 0 0 1 0 0 1 0 0
45 9 0 0 3 0 0 3 0 0
46 9 0 0 3 0 0 0 0 0
50 15 1 1 6 0 0 0 0 0
56 14 1 1 4 0 0 1 0 0
57 14 0 0 0 0 0 0 0 0
59 12 0 0 6 1 0 0 0 0
60 8 0 0 0 0 0 0 0 0
62 9 0 0 3 1 0 0 0 0
63 6 0 0 0 0 0 0 0 0
93 9 1 1 3 0 0 0 0 0
114 3 0 0 0 0 0 0 0 0
118 16 0 0 3 0 0 0 0 0
121 27 1 1 11 0 0 6 0 0
125 8 0 0 7 0 0 0 0 0
fl=/build/eglibc-oGUzwX/eglibc-2.19/elf/dl-hwcaps.c
fn=_dl_important_hwcaps
39 12 2 2 0 0 0 10 2 2
41 1 0 0 1 0 0 0 0 0
42 4 0 0 0 0 0 1 0 0
51 3 0 0 1 0 0 0 0 0
61 4 2 2 1 0 0 1 0 0
92 2 1 1 0 0 0 0 0 0
113 1 1 1 0 0 0 0 0 0
115 5 0 0 0 0 0 1 0 0
130 6 1 1 0 0 0 0 0 0
131 2 0 0 0 0 0 0 0 0
133 2 0 0 0 0 0 0 0 0
145 2 1 1 0 0 0 0 0 0
162 2 1 1 0 0 0 0 0 0
170 2 1 1 1 0 0 0 0 0
172 4 1 1 1 0 0 1 0 0
173 4 0 0 1 0 0 1 0 0
177 3 0 0 0 0 0 1 0 0
178 1 0 0 0 0 0 1 0 0
181 2 0 0 0 0 0 0 0 0
184 2 1 1 0 0 0 0 0 0
188 12 0 0 2 0 0 3 0 0
189 2 0 0 0 0 0 0 0 0
207 12 2 2 1 0 0 6 0 0
208 5 0 0 0 0 0 1 1 1
209 4 0 0 2 0 0 0 0 0
238 3 1 1 0 0 0 2 0 0
241 2 0 0 0 0 0 0 0 0
243 5 2 2 2 0 0 2 0 0
244 7 0 0 2 0 0 4 0 0
269 19 1 1 3 0 0 0 0 0
270 8 1 1 0 0 0 4 0 0
274 12 0 0 0 0 0 0 0 0
277 28 1 1 0 0 0 0 0 0
278 24 0 0 0 0 0 0 0 0
279 12 0 0 8 0 0 0 0 0
281 4 1 1 0 0 0 0 0 0
284 3 0 0 1 0 0 0 0 0
285 1 0 0 0 0 0 0 0 0
286 12 2 2 3 0 0 0 0 0
299 6 0 0 2 0 0 2 0 0
300 2 0 0 0 0 0 0 0 0
302 4 0 0 0 0 0 0 0 0
305 3 0 0 2 0 0 1 0 0
307 1 0 0 0 0 0 0 0 0
308 8 0 0 7 0 0 0 0 0
fl=/build/eglibc-oGUzwX/eglibc-2.19/elf/dl-init.c
fn=_dl_init
36 26 1 1 5 0 0 4 0 0
86 11 1 1 0 0 0 6 0 0
87 1 0 0 1 1 0 0 0 0
88 1 0 0 1 0 0 0 0 0
91 3 0 0 1 0 0 0 0 0
94 2 0 0 0 0 0 1 0 0
98 4 1 1 1 0 0 0 0 0
125 15 0 0 0 0 0 0 0 0
126 12 0 0 8 0 0 0 0 0
132 8 0 0 7 0 0 0 0 0
fn=call_init.part.0
34 36 0 0 0 0 0 20 1 0
42 12 1 1 4 0 0 4 0 0
45 16 0 0 8 1 0 0 0 0
46 3 1 1 0 0 0 0 0 0
50 9 0 0 3 3 0 0 0 0
51 2 0 0 1 1 0 0 0 0
55 4 0 0 2 0 0 0 0 0
63 4 0 0 0 0 0 0 0 0
64 12 1 1 4 2 0 2 0 0
67 2 0 0 2 2 0 0 0 0
68 4 0 0 0 0 0 0 0 0
74 6 0 0 4 1 0 0 0 0
76 4 0 0 4 0 0 0 0 0
77 16 0 0 0 0 0 0 0 0
78 15 1 1 3 1 0 3 0 0
80 24 0 0 24 0 0 0 0 0
fl=/build/eglibc-oGUzwX/eglibc-2.19/elf/dl-load.c
fn=_dl_init_paths
714 9 1 1 0 0 0 6 0 0
727 6 1 1 2 0 0 2 0 0
731 1 0 0 0 0 0 1 0 0
732 3 0 0 0 0 0 1 0 0
733 2 0 0 0 0 0 0 0 0
740 5 0 0 0 0 0 0 0 0
741 5 1 1 1 0 0 2 0 0
744 1 0 0 0 0 0 1 0 0
745 2 0 0 0 0 0 1 0 0
747 3 0 0 1 0 0 0 0 0
753 1 0 0 0 0 0 1 0 0
754 1 0 0 0 0 0 1 0 0
762 13 0 0 0 0 0 3 1 1
764 8 1 1 0 0 0 4 0 0
765 7 0 0 0 0 0 4 3 3
767 8 1 1 0 0 0 4 0 0
768 14 1 1 3 1 1 4 1 1
769 33 0 0 4 0 0 13 0 0
772 9 0 0 3 1 1 0 0 0
776 27 1 1 15 0 0 5 0 0
782 1 0 0 0 0 0 1 1 1
783 1 0 0 0 0 0 1 0 0
787 1 1 1 1 0 0 0 0 0
788 2 0 0 0 0 0 0 0 0
790 4 0 0 1 0 0 0 0 0
792 3 1 1 1 0 0 0 0 0
809 1 0 0 0 0 0 1 0 0
811 3 1 1 1 0 0 0 0 0
825 2 1 1 0 0 0 1 0 0
830 4 1 1 1 0 0 0 0 0
838 5 0 0 0 0 0 1 0 0
840 11 1 1 0 0 0 2 0 0
856 2 0 0 0 0 0 0 0 0
857 385 0 0 128 0 0 0 0 0
859 127 0 0 0 0 0 0 0 0
860 381 0 0 0 0 0 0 0 0
861 127 1 1 0 0 0 0 0 0
864 1 0 0 0 0 0 1 0 0
865 1 0 0 0 0 0 1 0 0
866 2 0 0 0 0 0 0 0 0
872 8 1 1 1 0 0 2 0 0
876 3 0 0 2 0 0 0 0 0
882 1 0 0 0 0 0 1 0 0
886 8 0 0 7 0 0 0 0 0
fn=_dl_map_object
161 4 0 0 0 0 0 2 0 0
162 2 0 0 0 0 0 1 0 0
164 3 1 1 1 0 0 0 0 0
167 4 0 0 1 0 0 1 0 0
691 9 1 1 3 0 0 0 0 0
2317 30 1 1 0 0 0 24 3 3
2324 6 0 0 0 0 0 0 0 0
2325 6 0 0 3 1 1 0 0 0
2328 45 1 1 9 0 0 0 0 0
2333 21 0 0 7 0 0 0 0 0
2334 14 0 0 0 0 0 0 0 0
2336 36 1 1 0 0 0 7 0 0
2340 12 0 0 6 0 0 0 0 0
2341 18 1 1 6 0 0 0 0 0
2344 2 0 0 2 0 0 0 0 0
2345 4 0 0 4 0 0 0 0 0
2346 8 0 0 0 0 0 2 0 0
2362 4 0 0 2 0 0 0 0 0
2372 12 1 1 2 0 0 2 0 0
2396 2 0 0 0 0 0 2 1 1
2398 10 0 0 0 0 0 2 0 0
2402 4 1 1 0 0 0 2 0 0
2404 2 0 0 1 0 0 0 0 0
2411 4 1 1 1 0 0 0 0 0
2415 2 1 1 1 0 0 1 0 0
2416 3 0 0 0 0 0 1 0 0
2420 3 0 0 1 0 0 0 0 0
2421 1 0 0 0 0 0 0 0 0
2423 11 1 1 0 0 0 4 0 0
2435 4 2 2 3 0 0 0 0 0
2436 7 2 2 2 0 0 0 0 0
2437 1 0 0 0 0 0 0 0 0
2446 2 0 0 1 0 0 0 0 0
2447 18 1 1 2 0 0 4 0 0
2453 6 1 1 0 0 0 2 0 0
2454 1 0 0 0 0 0 0 0 0
2456 2 1 1 1 0 0 1 0 0
2462 4 0 0 0 0 0 1 0 0
2464 3 0 0 1 0 0 0 0 0
2468 3 0 0 0 0 0 2 0 0
2470 2 1 1 0 0 0 0 0 0
2474 3 0 0 1 0 0 0 0 0
2482 2 0 0 1 0 0 0 0 0
2504 9 1 1 2 0 0 1 0 0
2507 3 0 0 0 0 0 1 0 0
2509 1 0 0 0 0 0 1 0 0
2510 3 0 0 1 0 0 0 0 0
2530 2 2 2 1 0 0 0 0 0
2536 1 0 0 0 0 0 1 0 0
2538 6 1 1 0 0 0 1 0 0
2539 3 0 0 0 0 0 0 0 0
2540 1 0 0 0 0 0 0 0 0
2543 7 0 0 0 0 0 1 0 0
2546 2 0 0 0 0 0 0 0 0
2558 8 1 1 2 0 0 0 0 0
2560 4 0 0 0 0 0 0 0 0
2604 4 1 1 2 0 0 2 0 0
2605 24 0 0 4 0 0 8 0 0
2607 24 0 0 21 0 0 0 0 0
fn=_dl_map_object_from_fd
474 2 1 1 1 0 0 0 0 0
923 30 2 2 0 0 0 20 1 1
934 8 0 0 2 0 0 4 1 1
935 2 0 0 0 0 0 2 0 0
938 12 0 0 0 0 0 2 0 0
949 29 1 1 9 0 0 0 0 0
950 26 1 1 14 2 2 0 0 0
967 4 1 1 2 0 0 0 0 0
992 4 1 1 2 0 0 0 0 0
1002 4 0 0 2 0 0 0 0 0
1024 8 0 0 4 0 0 0 0 0
1056 4 0 0 0 0 0 0 0 0
1059 16 1 1 8 0 0 2 0 0
1060 4 0 0 0 0 0 0 0 0
1071 6 0 0 4 0 0 2 2 2
1072 6 2 2 4 0 0 2 0 0
1073 4 0 0 2 0 0 2 0 0
1075 10 0 0 0 0 0 0 0 0
1076 8 0 0 4 0 0 0 0 0
1077 2 0 0 0 0 0 0 0 0
1092 2 0 0 0 0 0 2 0 0
1101 24 1 1 4 0 0 6 0 0
1102 2 0 0 0 0 0 0 0 0
1103 2 0 0 0 0 0 0 0 0
1109 142 2 2 0 0 0 0 0 0
1110 136 1 1 17 0 0 0 0 0
1116 4 0 0 2 0 0 2 0 0
1117 6 0 0 2 0 0 2 0 0
1118 2 0 0 0 0 0 0 0 0
1121 2 1 1 1 0 0 1 0 0
1122 1 0 0 0 0 0 0 0 0
1127 20 1 1 8 0 0 0 0 0
1133 24 0 0 8 0 0 0 0 0
1134 4 0 0 0 0 0 0 0 0
1141 20 0 0 4 0 0 0 0 0
1142 16 0 0 0 0 0 4 2 2
1143 12 1 1 4 0 0 0 0 0
1144 8 0 0 0 0 0 4 0 0
1145 4 0 0 0 0 0 4 0 0
1146 8 0 0 4 0 0 4 0 0
1147 8 1 1 0 0 0 4 0 0
1151 8 0 0 0 0 0 0 0 0
1152 6 0 0 2 0 0 0 0 0
1157 28 0 0 4 0 0 4 2 2
1167 4 0 0 0 0 0 0 0 0
1170 3 0 0 1 0 0 0 0 0
1174 1 0 0 0 0 0 1 1 1
1175 2 1 1 1 0 0 1 0 0
1176 2 0 0 0 0 0 0 0 0
1177 1 0 0 0 0 0 0 0 0
1179 3 0 0 1 0 0 1 0 0
1180 2 0 0 1 0 0 1 0 0
1183 2 0 0 1 0 0 1 0 0
1187 4 0 0 1 0 0 0 0 0
1193 3 0 0 1 0 0 2 1 1
1194 1 0 0 0 0 0 0 0 0
1198 8 0 0 2 0 0 2 0 0
1206 10 0 0 0 0 0 0 0 0
1250 4 1 1 2 0 0 2 0 0
1251 8 0 0 0 0 0 0 0 0
1254 4 1 1 2 0 0 2 0 0
1255 6 0 0 4 0 0 2 0 0
1256 2 0 0 0 0 0 0 0 0
1259 6 1 1 0 0 0 0 0 0
1272 16 0 0 10 0 0 2 0 0
1274 4 1 1 2 0 0 0 0 0
1288 2 0 0 2 0 0 0 0 0
1293 14 0 0 8 0 0 4 1 1
1297 4 1 1 0 0 0 0 0 0
1304 6 0 0 2 0 0 2 0 0
1305 6 0 0 4 0 0 2 0 0
1307 4 0 0 0 0 0 0 0 0
1313 12 0 0 2 0 0 2 0 0
1314 2 1 1 2 0 0 0 0 0
1317 2 0 0 2 0 0 0 0 0
1319 2 1 1 2 0 0 0 0 0
1340 20 1 1 4 0 0 0 0 0
1342 8 0 0 4 0 0 0 0 0
1344 20 0 0 8 0 0 2 0 0
1352 12 0 0 4 0 0 0 0 0
1353 6 0 0 4 0 0 2 0 0
1355 8 0 0 4 0 0 0 0 0
1356 5 1 1 3 0 0 0 0 0
1357 6 0 0 2 0 0 0 0 0
1358 5 1 1 1 0 0 0 0 0
1360 4 0 0 0 0 0 1 0 0
1363 16 0 0 8 0 0 0 0 0
1369 4 0 0 2 0 0 0 0 0
1370 2 0 0 0 0 0 0 0 0
1371 10 1 1 2 0 0 0 0 0
1372 4 0 0 0 0 0 0 0 0
1379 4 0 0 0 0 0 0 0 0
1382 4 0 0 0 0 0 0 0 0
1393 14 0 0 0 0 0 6 1 1
1394 10 0 0 6 0 0 0 0 0
1399 4 0 0 0 0 0 0 0 0
1403 8 0 0 1 0 0 1 0 0
1406 2 0 0 0 0 0 0 0 0
1414 4 1 1 0 0 0 0 0 0
1418 8 0 0 4 0 0 0 0 0
1427 6 0 0 2 0 0 2 0 0
1433 4 1 1 0 0 0 0 0 0
1449 6 0 0 2 0 0 0 0 0
1468 4 0 0 2 0 0 2 0 0
1470 10 1 1 4 0 0 0 0 0
1525 6 0 0 2 1 1 0 0 0
1526 2 0 0 1 0 0 1 0 0
1529 8 0 0 2 0 0 2 0 0
1537 14 2 2 2 0 0 0 0 0
1540 8 0 0 4 0 0 2 0 0
1542 4 0 0 2 0 0 0 0 0
1558 4 0 0 0 0 0 2 0 0
1562 4 0 0 2 0 0 0 0 0
1563 4 1 1 2 0 0 0 0 0
1580 4 0 0 2 0 0 0 0 0
1581 1 0 0 0 0 0 1 0 0
1584 4 0 0 2 0 0 2 0 0
1585 4 0 0 2 0 0 2 0 0
1589 4 1 1 2 0 0 0 0 0
1599 6 0 0 2 0 0 2 0 0
1603 8 0 0 2 0 0 0 0 0
1623 16 0 0 14 0 0 0 0 0
fn=expand_dynamic_string_token
161 18 0 0 0 0 0 6 0 0
162 12 0 0 0 0 0 6 0 0
164 12 0 0 0 0 0 0 0 0
167 24 0 0 0 0 0 0 0 0
415 48 1 1 0 0 0 30 0 0
425 30 1 1 0 0 0 6 1 1
440 30 0 0 30 0 0 0 0 0
fn=fillin_rpath
486 17 2 2 0 0 0 12 1 1
488 1 0 0 0 0 0 0 0 0
491 19 0 0 0 0 0 6 0 0
495 25 0 0 5 0 0 5 0 0
497 15 0 0 0 0 0 5 0 0
501 10 1 1 0 0 0 0 0 0
504 1 0 0 0 0 0 0 0 0
508 38 0 0 7 0 0 0 0 0
513 8 1 1 0 0 0 4 0 0
516 23 1 1 5 0 0 0 0 0
523 120 0 0 35 0 0 5 0 0
524 66 1 1 31 0 0 1 0 0
542 20 2 2 5 0 0 5 0 0
545 10 0 0 0 0 0 5 0 0
546 20 1 1 10 0 0 5 0 0
547 20 0 0 0 0 0 10 0 0
548 20 1 1 10 0 0 0 0 0
552 5 0 0 0 0 0 5 3 3
553 5 0 0 0 0 0 0 0 0
554 25 0 0 0 0 0 15 1 1
555 5 0 0 0 0 0 5 0 0
557 15 1 1 10 0 0 0 0 0
558 1 0 0 0 0 0 1 0 0
563 20 0 0 5 1 1 0 0 0
564 70 1 1 0 0 0 0 0 0
565 50 0 0 0 0 0 10 0 0
567 10 1 1 5 0 0 5 0 0
568 10 0 0 5 0 0 0 0 0
573 10 1 1 0 0 0 5 0 0
575 10 0 0 5 0 0 5 0 0
576 5 0 0 0 0 0 5 0 0
579 15 1 1 0 0 0 5 1 1
581 20 0 0 10 0 0 5 0 0
585 1 0 0 0 0 0 1 0 0
588 9 0 0 7 0 0 0 0 0
fn=open_path
2168 14 2 2 0 0 0 12 0 0
2169 2 0 0 1 0 0 1 0 0
2172 1 0 0 0 0 0 1 0 0
2173 1 0 0 0 0 0 1 0 0
2175 2 0 0 0 0 0 0 0 0
2180 8 1 1 2 0 0 0 0 0
2183 5 0 0 5 0 0 0 0 0
2187 10 0 0 0 0 0 0 0 0
2192 10 0 0 5 0 0 0 0 0
2199 25 0 0 10 0 0 10 1 1
2200 87 1 1 9 0 0 0 0 0
2203 40 1 1 20 0 0 0 0 0
2207 260 1 1 120 0 0 40 0 0
2210 20 0 0 0 0 0 0 0 0
2213 40 1 1 20 0 0 0 0 0
2216 140 0 0 80 0 0 20 0 0
2218 60 0 0 20 0 0 0 0 0
2220 32 0 0 0 0 0 0 0 0
2225 32 0 0 16 0 0 0 0 0
2226 144 0 0 64 0 0 0 0 0
2232 53 1 1 17 0 0 17 0 0
2234 96 0 0 16 0 0 16 0 0
2235 4 0 0 2 0 0 0 0 0
2237 74 0 0 16 0 0 16 0 0
2244 48 0 0 0 0 0 0 0 0
2246 12 1 1 0 0 0 0 0 0
2254 2 1 1 0 0 0 1 0 0
2282 1 0 0 0 0 0 0 0 0
2285 19 1 1 3 0 0 0 0 0
2290 5 0 0 5 0 0 0 0 0
2292 20 1 1 15 0 0 0 0 0
2295 3 0 0 1 0 0 0 0 0
2309 22 2 2 7 0 0 0 0 0
fn=open_verify
1873 12 1 1 0 0 0 8 0 0
1909 3 0 0 1 0 0 0 0 0
1930 5 1 1 1 0 0 2 1 1
1931 2 0 0 0 0 0 0 0 0
1941 1 0 0 0 0 0 1 0 0
1942 2 0 0 0 0 0 1 0 0
1947 6 0 0 1 0 0 1 0 0
1949 2 0 0 0 0 0 0 0 0
1951 3 1 1 1 0 0 1 0 0
1953 2 0 0 0 0 0 0 0 0
1959 2 0 0 0 0 0 0 0 0
1975 11 1 1 0 0 0 1 0 0
1977 1 0 0 1 0 0 0 0 0
1979 4 0 0 0 0 0 1 0 0
2006 3 1 1 2 0 0 0 0 0
2050 2 0 0 1 0 0 0 0 0
2055 2 0 0 1 0 0 0 0 0
2058 4 1 1 1 0 0 0 0 0
2063 2 0 0 1 1 1 0 0 0
2070 5 0 0 1 0 0 0 0 0
2071 4 0 0 1 0 0 0 0 0
2072 1 0 0 0 0 0 0 0 0
2087 61 1 1 0 0 0 0 0 0
2089 19 1 1 9 5 5 0 0 0
2093 4 0 0 2 0 0 0 0 0
2094 2 0 0 0 0 0 0 0 0
2103 6 1 1 0 0 0 1 0 0
2106 1 0 0 0 0 0 0 0 0
2107 3 0 0 1 0 0 0 0 0
2108 3 0 0 1 0 0 0 0 0
2110 3 0 0 0 0 0 0 0 0
2154 8 0 0 7 0 0 0 0 0
fn=open_verify.constprop.6
1871 231 2 2 0 0 0 147 1 1
1909 63 0 0 21 0 0 0 0 0
1930 105 0 0 21 0 0 42 0 0
1931 42 0 0 0 0 0 0 0 0
1941 1 0 0 0 0 0 1 0 0
1942 2 1 1 0 0 0 1 0 0
1947 6 0 0 1 0 0 1 0 0
1949 2 0 0 0 0 0 0 0 0
1951 3 0 0 1 0 0 1 0 0
1953 2 0 0 0 0 0 0 0 0
1959 2 1 1 0 0 0 0 0 0
1975 11 0 0 0 0 0 1 0 0
1977 1 0 0 1 0 0 0 0 0
1979 4 1 1 0 0 0 1 0 0
2050 2 0 0 1 0 0 0 0 0
2055 2 0 0 1 0 0 0 0 0
2058 4 0 0 1 0 0 0 0 0
2063 2 0 0 1 0 0 0 0 0
2070 7 1 1 1 0 0 0 0 0
2071 4 0 0 1 0 0 0 0 0
2072 1 0 0 0 0 0 0 0 0
2087 45 1 1 0 0 0 0 0 0
2089 17 1 1 8 0 0 0 0 0
2093 4 0 0 2 0 0 0 0 0
2094 2 0 0 0 0 0 0 0 0
2103 12 1 1 0 0 0 2 0 0
2106 1 0 0 0 0 0 0 0 0
2107 3 0 0 1 0 0 0 0 0
2108 3 0 0 1 0 0 0 0 0
2110 3 0 0 0 0 0 0 0 0
2115 1 0 0 0 0 0 0 0 0
2116 1 0 0 0 0 0 0 0 0
2119 2 0 0 0 0 0 0 0 0
2122 3 0 0 1 0 0 0 0 0
2123 5 0 0 1 0 0 0 0 0
2124 2 1 1 1 0 0 0 0 0
2125 3 0 0 1 0 0 0 0 0
2126 6 0 0 2 0 0 0 0 0
2131 20 1 1 0 0 0 0 0 0
2154 168 0 0 147 0 0 0 0 0
fl=/build/eglibc-oGUzwX/eglibc-2.19/elf/dl-lookup.c
fn=_dl_lookup_symbol_x
475 188 0 0 0 0 0 0 0 0
476 5592 0 0 1351 81 80 94 0 0
477 5028 1 1 0 0 0 0 0 0
714 1316 2 2 0 0 0 752 3 0
716 188 0 0 0 0 0 94 1 0
717 188 1 1 0 0 0 188 0 0
720 94 0 0 94 1 0 0 0 0
724 360 0 0 86 0 0 0 0 0
728 188 1 1 0 0 0 94 0 0
729 188 0 0 94 0 0 0 0 0
731 188 0 0 188 3 0 0 0 0
735 776 1 1 6 0 0 188 0 0
737 1222 1 1 564 0 0 658 2 0
740 188 0 0 0 0 0 0 0 0
743 6 0 0 0 0 0 0 0 0
766 188 0 0 94 0 0 0 0 0
768 42 1 1 12 0 0 0 0 0
784 6 1 1 0 0 0 6 0 0
785 12 0 0 0 0 0 0 0 0
788 88 0 0 88 0 0 0 0 0
789 616 0 0 176 0 0 0 0 0
815 88 0 0 0 0 0 0 0 0
824 440 2 1 88 0 0 0 0 0
838 264 0 0 88 1 1 0 0 0
839 2 1 1 0 0 0 1 0 0
841 352 0 0 176 0 0 0 0 0
846 88 0 0 0 0 0 88 0 0
848 752 2 1 658 0 0 0 0 0
fn=_dl_setup_hash
859 12 1 1 4 0 0 0 0 0
863 4 0 0 4 0 0 0 0 0
867 8 1 1 4 4 4 4 1 1
868 4 0 0 4 0 0 0 0 0
869 4 0 0 4 1 1 0 0 0
871 12 0 0 0 0 0 0 0 0
872 4 0 0 0 0 0 4 0 0
873 12 0 0 4 0 0 4 0 0
875 4 0 0 0 0 0 4 0 0
876 8 0 0 0 0 0 0 0 0
878 4 1 1 0 0 0 4 0 0
879 4 0 0 0 0 0 0 0 0
880 16 0 0 0 0 0 4 0 0
881 4 0 0 4 0 0 0 0 0
fn=check_match.9481
131 616 1 1 0 0 0 352 0 0
132 176 0 0 88 12 9 0 0 0
134 352 0 0 176 11 10 0 0 0
136 264 0 0 88 0 0 0 0 0
146 264 1 1 88 0 0 88 1 0
149 290 0 0 145 0 0 19 0 0
153 176 0 0 176 0 0 0 0 0
154 264 0 0 88 0 0 0 0 0
156 172 0 0 0 0 0 0 0 0
175 172 1 1 172 8 4 0 0 0
176 688 0 0 258 2 0 0 0 0
177 430 1 1 172 0 0 86 0 0
204 4 0 0 0 0 0 0 0 0
206 12 0 0 4 1 1 0 0 0
207 8 0 0 2 0 0 0 0 0
222 616 1 1 440 0 0 0 0 0
fn=do_lookup_x
77 752 1 1 282 0 0 470 2 0
82 1128 1 1 188 0 0 658 2 0
83 94 0 0 94 1 0 0 0 0
89 94 0 0 94 0 0 0 0 0
95 296 1 1 0 0 0 296 0 0
96 296 0 0 0 0 0 296 0 0
98 888 0 0 592 6 0 296 0 0
101 592 0 0 0 0 0 0 0 0
105 592 0 0 296 0 0 0 0 0
109 592 1 1 296 4 0 0 0 0
113 592 0 0 296 1 0 0 0 0
119 888 0 0 296 2 0 0 0 0
123 592 0 0 592 8 0 0 0 0
124 888 0 0 592 1 0 296 0 0
225 296 0 0 296 0 0 0 0 0
226 592 1 1 0 0 0 0 0 0
228 296 0 0 296 38 33 0 0 0
229 188 0 0 0 0 0 0 0 0
230 592 0 0 296 0 0 0 0 0
232 376 0 0 0 0 0 0 0 0
233 1184 0 0 296 0 0 0 0 0
236 1184 0 0 0 0 0 0 0 0
237 888 0 0 0 0 0 0 0 0
239 186 0 0 186 51 46 0 0 0
240 372 1 1 0 0 0 0 0 0
241 186 0 0 0 0 0 0 0 0
243 279 1 1 93 0 0 0 0 0
246 920 0 0 184 64 61 0 0 0
248 704 1 1 176 0 0 176 0 0
249 704 0 0 0 0 0 440 1 0
250 440 0 0 264 0 0 0 0 0
253 288 0 0 0 0 0 0 0 0
257 208 0 0 0 0 0 208 0 0
281 416 1 1 208 0 0 0 0 0
286 656 1 1 88 0 0 0 0 0
290 212 0 0 12 1 0 88 0 0
303 176 1 1 88 0 0 88 0 0
304 176 0 0 88 0 0 88 0 0
305 88 0 0 0 0 0 0 0 0
461 1164 0 0 388 0 0 0 0 0
462 297 0 0 108 0 0 108 0 0
465 624 1 1 0 0 0 0 0 0
468 12 0 0 0 0 0 0 0 0
469 752 0 0 658 0 0 0 0 0
fl=/build/eglibc-oGUzwX/eglibc-2.19/elf/dl-minimal.c
fn=__libc_memalign
51 120 1 1 0 0 0 60 1 1
52 148 0 0 59 0 0 0 0 0
57 3 0 0 0 0 0 1 0 0
58 3 1 1 1 0 0 0 0 0
59 1 0 0 0 0 0 0 0 0
63 90 1 1 0 0 0 30 0 0
64 30 0 0 0 0 0 0 0 0
66 198 0 0 0 0 0 0 0 0
70 12 0 0 3 0 0 0 0 0
71 9 2 1 0 0 0 0 0 0
77 21 0 0 0 0 0 3 0 0
79 15 0 0 6 0 0 0 0 0
83 9 0 0 0 0 0 3 0 0
86 30 0 0 0 0 0 30 0 0
87 30 0 0 0 0 0 30 0 0
89 231 0 0 90 0 0 0 0 0
fn=calloc
102 8 1 1 0 0 0 0 0 0
106 8 0 0 0 0 0 0 0 0
109 40 0 0 0 0 0 0 0 0
113 8 0 0 0 0 0 0 0 0
fn=free
119 10 0 0 0 0 0 5 0 0
121 10 1 1 5 0 0 0 0 0
128 10 0 0 10 0 0 0 0 0
fn=malloc
93 29 1 1 0 0 0 0 0 0
94 58 0 0 0 0 0 0 0 0
fn=strsep
338 16 1 1 8 0 0 0 0 0
340 8 0 0 8 0 0 0 0 0
341 16 0 0 0 0 0 0 0 0
345 890 1 1 176 0 0 0 0 0
350 688 0 0 344 0 0 0 0 0
352 1020 0 0 340 0 0 0 0 0
354 8 0 0 0 0 0 0 0 0
356 8 1 1 0 0 0 4 0 0
357 4 0 0 0 0 0 0 0 0
360 170 0 0 0 0 0 0 0 0
363 6 0 0 0 0 0 6 0 0
367 8 0 0 8 0 0 0 0 0
fl=/build/eglibc-oGUzwX/eglibc-2.19/elf/dl-misc.c
fn=_dl_name_match_p
288 205 1 1 0 0 0 82 0 0
289 164 0 0 41 0 0 41 2 2
290 44 0 0 0 0 0 0 0 0
292 41 0 0 41 0 0 0 0 0
294 166 0 0 0 0 0 0 0 0
295 225 1 1 45 1 0 45 0 0
298 42 0 0 42 0 0 0 0 0
300 38 0 0 0 0 0 0 0 0
301 205 0 0 123 0 0 0 0 0
fn=_dl_sysdep_read_whole_file
45 7 1 1 0 0 0 4 0 0
46 1 0 0 0 0 0 0 0 0
52 4 1 1 0 0 0 1 0 0
53 2 0 0 0 0 0 0 0 0
55 6 0 0 0 0 0 1 0 0
57 2 0 0 1 0 0 1 1 1
60 2 0 0 0 0 0 0 0 0
62 8 1 1 0 0 0 1 0 0
73 2 0 0 0 0 0 1 0 0
76 7 0 0 5 0 0 0 0 0
fl=/build/eglibc-oGUzwX/eglibc-2.19/elf/dl-object.c
fn=_dl_add_to_namespace_list
32 15 1 1 0 0 0 6 0 0
34 6 0 0 3 0 0 3 0 0
36 22 1 1 3 0 0 0 0 0
39 15 0 0 5 0 0 0 0 0
40 3 0 0 0 0 0 0 0 0
41 2 0 0 0 0 0 2 0 0
43 2 0 0 0 0 0 2 0 0
46 2 0 0 0 0 0 1 0 0
47 9 0 0 3 0 0 0 0 0
48 6 0 0 3 0 0 3 0 0
49 6 0 0 0 0 0 3 0 0
51 9 0 0 3 0 0 0 0 0
52 9 0 0 6 0 0 0 0 0
fn=_dl_new_object
61 42 2 2 0 0 0 30 1 1
62 15 0 0 0 0 0 3 0 0
68 36 1 1 6 0 0 0 0 0
75 15 0 0 0 0 0 6 0 0
78 6 0 0 0 0 0 0 0 0
81 3 0 0 0 0 0 3 3 3
82 6 1 1 0 0 0 3 3 3
86 6 0 0 0 0 0 3 1 1
87 15 0 0 6 0 0 6 2 2
89 3 1 1 0 0 0 3 0 0
97 15 0 0 6 0 0 3 0 0
98 18 0 0 6 3 3 3 0 0
101 6 0 0 3 0 0 0 0 0
102 7 1 1 0 0 0 3 3 3
103 3 1 1 0 0 0 3 0 0
107 3 0 0 0 0 0 3 0 0
110 43 0 0 0 0 0 0 0 0
112 32 0 0 0 0 0 16 5 5
122 6 0 0 0 0 0 3 1 1
123 3 1 1 0 0 0 3 3 3
126 3 0 0 0 0 0 0 0 0
128 18 0 0 3 0 0 0 0 0
130 6 0 0 0 0 0 2 0 0
133 7 0 0 0 0 0 0 0 0
137 6 0 0 2 0 0 0 0 0
141 15 0 0 2 0 0 0 0 0
143 1 1 1 0 0 0 0 0 0
149 1 0 0 0 0 0 1 1 1
152 6 0 0 0 0 0 3 1 1
155 15 1 1 6 0 0 0 0 0
157 10 0 0 2 0 0 4 0 0
161 10 0 0 0 0 0 0 0 0
165 6 1 1 0 0 0 2 0 0
166 8 0 0 0 0 0 0 0 0
211 8 1 1 4 0 0 2 0 0
216 82 0 0 0 0 0 0 0 0
217 88 0 0 42 0 0 0 0 0
222 4 0 0 0 0 0 2 0 0
225 4 0 0 0 0 0 2 0 0
229 24 1 1 21 0 0 0 0 0
fl=/build/eglibc-oGUzwX/eglibc-2.19/elf/dl-reloc.c
fn=_dl_relocate_object
154 48 2 2 0 0 0 32 0 0
161 4 0 0 0 0 0 4 0 0
164 8 1 1 0 0 0 0 0 0
165 20 1 1 0 0 0 12 0 0
169 8 0 0 0 0 0 0 0 0
170 16 0 0 8 1 0 0 0 0
176 8 0 0 4 0 0 0 0 0
182 12 0 0 4 0 0 0 0 0
183 8 1 1 4 3 0 0 0 0
186 8 0 0 4 0 0 0 0 0
193 8 0 0 4 1 0 0 0 0
238 12 1 1 8 0 0 4 0 0
264 234 3 3 83 12 1 53 0 0
267 12 0 0 4 0 0 0 0 0
295 4 0 0 4 0 0 0 0 0
298 8 0 0 4 0 0 0 0 0
315 12 0 0 4 2 0 0 0 0
317 32 1 1 28 1 0 0 0 0
323 16 1 1 8 0 0 0 0 0
324 8 0 0 4 0 0 0 0 0
325 8 0 0 0 0 0 0 0 0
328 8 1 1 0 0 0 0 0 0
329 20 0 0 0 0 0 4 0 0
fl=/build/eglibc-oGUzwX/eglibc-2.19/elf/dl-tls.c
fn=__tls_get_addr
770 1 1 1 1 0 0 0 0 0
772 3 0 0 2 0 0 0 0 0
775 3 0 0 2 1 0 0 0 0
777 2 0 0 0 0 0 0 0 0
780 1 0 0 1 0 0 0 0 0
781 1 0 0 1 0 0 0 0 0
fn=_dl_add_to_slotinfo
831 4 1 1 0 0 0 3 0 0
837 2 1 1 1 0 0 0 0 0
840 1 0 0 1 1 0 0 0 0
845 5 0 0 1 0 0 0 0 0
886 1 0 0 0 0 0 1 1 0
887 3 1 1 1 1 0 1 0 0
888 4 0 0 4 0 0 0 0 0
fn=_dl_allocate_tls_init
376 8 1 1 0 0 0 7 0 0
377 2 0 0 0 0 0 0 0 0
381 3 0 0 2 1 0 1 0 0
383 1 0 0 0 0 0 0 0 0
384 1 0 0 0 0 0 0 0 0
389 3 0 0 1 0 0 1 0 0
394 12 1 1 2 0 0 0 0 0
400 9 0 0 0 0 0 0 0 0
403 1 1 1 1 0 0 0 0 0
404 2 0 0 0 0 0 0 0 0
410 3 0 0 1 0 0 0 0 0
412 2 0 0 0 0 0 0 0 0
413 2 0 0 1 0 0 0 0 0
422 2 1 1 1 0 0 0 0 0
423 4 0 0 2 0 0 0 0 0
425 2 0 0 0 0 0 0 0 0
426 2 1 1 1 0 0 0 0 0
434 4 0 0 1 0 0 1 1 0
435 1 0 0 0 0 0 1 0 0
436 11 0 0 4 0 0 2 0 0
450 2 1 1 1 0 0 1 0 0
452 1 0 0 1 0 0 0 0 0
453 8 1 1 7 0 0 0 0 0
fn=_dl_allocate_tls_storage
295 2 0 0 1 0 0 0 0 0
296 3 1 1 0 0 0 1 0 0
297 2 0 0 0 0 0 0 0 0
300 1 0 0 0 0 0 1 1 1
306 2 0 0 0 0 0 1 0 0
328 3 1 1 0 0 0 3 0 0
330 1 0 0 1 0 0 0 0 0
341 4 0 0 1 0 0 1 0 0
342 2 0 0 0 0 0 0 0 0
349 1 0 0 0 0 0 0 0 0
353 306 1 1 0 0 0 288 36 36
370 5 0 0 4 0 0 0 0 0
fn=_dl_determine_tlsoffset
112 7 1 1 0 0 0 6 0 0
113 2 1 1 0 0 0 0 0 0
114 1 0 0 0 0 0 0 0 0
115 1 0 0 0 0 0 0 0 0
118 3 1 1 1 0 0 0 0 0
121 2 0 0 1 0 0 0 0 0
123 1 0 0 0 0 0 0 0 0
155 1 0 0 0 0 0 0 0 0
157 10 0 0 2 0 0 0 0 0
159 3 0 0 1 0 0 0 0 0
161 3 0 0 1 0 0 0 0 0
162 2 1 1 1 0 0 0 0 0
164 2 0 0 0 0 0 0 0 0
166 5 0 0 1 0 0 0 0 0
168 2 1 1 0 0 0 0 0 0
182 9 1 1 0 0 0 0 0 0
184 3 0 0 0 0 0 0 0 0
185 1 0 0 0 0 0 0 0 0
194 1 0 0 0 0 0 1 0 0
197 4 0 0 0 0 0 1 0 0
198 1 0 0 0 0 0 1 0 0
249 1 0 0 0 0 0 1 0 0
250 8 0 0 7 0 0 0 0 0
fn=_dl_next_tls_modid
50 1 1 1 0 0 0 0 0 0
53 3 0 0 2 0 0 0 0 0
101 2 0 0 0 0 0 1 0 0
105 2 0 0 1 0 0 0 0 0
fl=/build/eglibc-oGUzwX/eglibc-2.19/elf/dl-version.c
fn=_dl_check_all_versions
380 6 1 1 0 0 0 4 0 0
382 2 0 0 0 0 0 0 0 0
384 16 0 0 4 0 0 0 0 0
385 4 0 0 0 0 0 0 0 0
386 40 1 1 4 0 0 4 0 0
389 7 0 0 5 0 0 0 0 0
fn=_dl_check_map_versions
56 24 0 0 4 0 0 0 0 0
57 5 0 0 5 0 0 0 0 0
58 37 1 1 0 0 0 7 0 0
174 44 1 1 0 0 0 32 0 0
175 2 0 0 0 0 0 0 0 0
183 2 0 0 0 0 0 0 0 0
189 12 0 0 4 0 0 0 0 0
191 8 0 0 4 0 0 4 0 0
193 8 0 0 4 0 0 4 0 0
194 8 1 1 4 0 0 4 0 0
196 8 0 0 0 0 0 0 0 0
199 8 0 0 6 0 0 2 0 0
203 12 1 1 4 2 2 0 0 0
220 6 0 0 6 0 0 0 0 0
228 6 0 0 2 0 0 0 0 0
233 14 0 0 4 0 0 0 0 0
237 70 2 2 40 1 1 8 0 0
244 16 0 0 4 0 0 0 0 0
247 14 0 0 4 0 0 0 0 0
252 2 0 0 0 0 0 0 0 0
256 8 0 0 4 0 0 0 0 0
270 12 1 1 4 0 0 0 0 0
273 6 0 0 4 0 0 0 0 0
276 112 0 0 28 5 5 0 0 0
279 84 0 0 28 1 1 0 0 0
283 26 0 0 0 0 0 0 0 0
287 8 1 1 0 0 0 0 0 0
292 3 0 0 0 0 0 3 0 0
293 12 0 0 0 0 0 3 0 0
294 6 1 1 0 0 0 0 0 0
302 3 0 0 0 0 0 3 0 0
305 9 0 0 6 0 0 3 0 0
307 9 0 0 3 0 0 0 0 0
310 8 0 0 6 0 0 0 0 0
314 6 0 0 2 0 0 0 0 0
317 12 1 1 4 0 0 0 0 0
319 12 0 0 0 0 0 0 0 0
321 20 0 0 4 0 0 4 0 0
322 12 0 0 0 0 0 4 3 3
323 12 0 0 4 0 0 4 0 0
324 12 1 1 4 0 0 4 0 0
327 12 0 0 4 0 0 0 0 0
332 2 0 0 0 0 0 0 0 0
335 6 0 0 2 0 0 0 0 0
345 9 0 0 3 0 0 0 0 0
348 8 0 0 6 0 0 0 0 0
352 28 0 0 28 0 0 0 0 0
354 56 0 0 28 0 0 0 0 0
358 26 0 0 26 0 0 0 0 0
359 130 0 0 26 0 0 26 7 7
360 78 0 0 26 0 0 26 0 0
361 26 0 0 0 0 0 26 3 3
364 84 0 0 28 0 0 0 0 0
368 26 0 0 0 0 0 0 0 0
373 7 0 0 0 0 0 0 0 0
374 32 2 2 28 0 0 0 0 0
fn=match_symbol
76 52 2 2 0 0 0 32 0 0
77 8 0 0 8 0 0 0 0 0
85 8 0 0 4 0 0 0 0 0
91 12 0 0 4 0 0 0 0 0
106 4 0 0 4 0 0 0 0 0
107 8 1 1 0 0 0 0 0 0
109 4 0 0 4 0 0 0 0 0
114 42 0 0 21 6 6 0 0 0
128 42 0 0 21 2 2 0 0 0
130 4 1 1 4 0 0 0 0 0
133 24 0 0 4 0 0 4 0 0
140 51 0 0 17 1 1 0 0 0
144 17 0 0 0 0 0 0 0 0
168 32 0 0 28 0 0 0 0 0
fl=/build/eglibc-oGUzwX/eglibc-2.19/elf/do-rel.h
fn=_dl_relocate_object
47 16 0 0 8 0 0 0 0 0
48 8 0 0 8 0 0 0 0 0
50 3 0 0 0 0 0 0 0 0
51 3 0 0 0 0 0 3 1 0
58 24 0 0 8 0 0 0 0 0
61 78 0 0 0 0 0 0 0 0
63 66 1 1 22 7 7 0 0 0
65 17 1 1 0 0 0 0 0 0
74 6 0 0 0 0 0 0 0 0
75 29 1 1 9 0 0 0 0 0
76 10 0 0 5 0 0 0 0 0
83 10 0 0 5 0 0 5 0 0
84 5 1 1 5 0 0 0 0 0
86 10 0 0 0 0 0 0 0 0
98 15 0 0 0 0 0 0 0 0
108 9 1 1 1 1 1 0 0 0
111 3590 0 0 0 0 0 0 0 0
112 2388 1 1 1194 0 0 0 0 0
118 15 0 0 5 4 0 0 0 0
121 8 1 1 4 3 0 4 1 0
124 305 1 1 98 0 0 0 0 0
127 380 1 1 95 25 21 0 0 0
136 285 0 0 190 40 37 0 0 0
137 542 0 0 95 0 0 95 0 0
138 176 0 0 95 1 0 0 0 0
139 190 0 0 95 0 0 0 0 0
143 6 0 0 0 0 0 0 0 0
160 23 2 2 5 0 0 4 0 0
162 20 0 0 5 2 2 0 0 0
170 25 1 1 5 0 0 5 0 0
171 10 0 0 10 0 0 0 0 0
174 5 0 0 2 0 0 0 0 0
fn=_dl_start
83 1 0 0 1 0 0 0 0 0
84 1 0 0 1 0 0 0 0 0
111 33 1 1 0 0 0 0 0 0
112 20 0 0 10 3 3 0 0 0
116 2 0 0 1 0 0 0 0 0
124 31 1 1 0 0 0 0 0 0
137 45 0 0 9 2 2 0 0 0
139 18 0 0 9 0 0 0 0 0
fl=/build/eglibc-oGUzwX/eglibc-2.19/elf/get-dynamic-info.h
fn=_dl_map_object_from_fd
38 4 0 0 0 0 0 0 0 0
42 2 0 0 0 0 0 0 0 0
44 141 1 1 47 13 13 0 0 0
46 90 1 1 0 0 0 0 0 0
51 42 0 0 0 0 0 0 0 0
52 71 0 0 0 0 0 43 12 12
53 8 0 0 0 0 0 0 0 0
55 2 0 0 0 0 0 0 0 0
56 10 1 1 0 0 0 0 0 0
58 2 0 0 0 0 0 0 0 0
59 10 0 0 0 0 0 0 0 0
60 2 0 0 0 0 0 0 0 0
61 8 0 0 0 0 0 2 0 0
62 45 0 0 0 0 0 0 0 0
69 4 1 1 0 0 0 0 0 0
89 7 0 0 3 0 0 0 0 0
90 8 0 0 4 0 0 0 0 0
91 8 0 0 4 0 0 0 0 0
92 8 0 0 4 0 0 0 0 0
94 8 1 1 4 0 0 0 0 0
99 8 0 0 4 0 0 0 0 0
100 7 0 0 3 1 1 0 0 0
101 8 0 0 4 0 0 0 0 0
107 6 1 1 2 0 0 0 0 0
112 4 0 0 2 0 0 0 0 0
119 4 0 0 2 0 0 0 0 0
120 6 0 0 4 0 0 0 0 0
136 6 0 0 2 0 0 0 0 0
141 2 0 0 1 0 0 1 0 0
143 2 0 0 0 0 0 0 0 0
145 2 0 0 0 0 0 0 0 0
147 2 0 0 0 0 0 0 0 0
150 6 1 1 2 0 0 0 0 0
152 2 0 0 1 0 0 1 0 0
160 2 1 1 1 0 0 0 0 0
161 2 0 0 0 0 0 0 0 0
165 2 0 0 0 0 0 0 0 0
168 4 0 0 2 0 0 0 0 0
fn=_dl_start
44 57 1 1 19 6 6 0 0 0
46 36 0 0 0 0 0 0 0 0
47 26 0 0 0 0 0 13 3 3
51 21 1 1 0 0 0 0 0 0
52 18 0 0 0 0 0 4 2 2
53 4 1 1 0 0 0 0 0 0
55 1 0 0 0 0 0 0 0 0
56 5 0 0 0 0 0 0 0 0
58 2 0 0 0 0 0 0 0 0
59 5 2 2 0 0 0 0 0 0
60 1 0 0 0 0 0 0 0 0
61 5 0 0 0 0 0 1 1 1
62 18 0 0 0 0 0 0 0 0
69 2 0 0 0 0 0 0 0 0
89 4 0 0 2 0 0 0 0 0
90 4 1 1 2 0 0 0 0 0
91 4 0 0 2 0 0 0 0 0
92 4 0 0 2 0 0 0 0 0
94 4 0 0 2 0 0 0 0 0
99 4 1 1 2 0 0 0 0 0
100 4 0 0 2 0 0 0 0 0
101 4 0 0 2 0 0 0 0 0
107 3 0 0 1 0 0 0 0 0
112 2 1 1 1 0 0 0 0 0
119 3 0 0 1 0 0 0 0 0
120 3 0 0 2 0 0 0 0 0
128 3 0 0 1 0 0 0 0 0
130 3 1 1 1 1 1 0 0 0
133 2 0 0 1 0 0 0 0 0
134 2 0 0 1 0 0 0 0 0
fn=dl_main
29 1 0 0 1 0 0 0 0 0
38 2 0 0 0 0 0 0 0 0
42 1 0 0 0 0 0 0 0 0
44 72 0 0 24 7 7 0 0 0
46 46 1 1 0 0 0 0 0 0
51 17 1 1 0 0 0 0 0 0
52 33 0 0 0 0 0 22 5 5
53 4 0 0 0 0 0 0 0 0
55 1 0 0 0 0 0 0 0 0
56 5 1 1 0 0 0 0 0 0
58 1 0 0 0 0 0 0 0 0
59 5 0 0 0 0 0 0 0 0
60 1 0 0 0 0 0 0 0 0
61 4 1 1 0 0 0 1 0 0
62 23 0 0 0 0 0 0 0 0
69 3 1 1 1 0 0 0 0 0
107 3 2 2 1 0 0 0 0 0
112 2 0 0 1 0 0 0 0 0
119 2 0 0 1 0 0 0 0 0
120 3 0 0 2 0 0 0 0 0
136 3 0 0 1 0 0 0 0 0
150 3 1 1 1 0 0 0 0 0
168 2 1 1 1 0 0 0 0 0
fl=/build/eglibc-oGUzwX/eglibc-2.19/elf/rtld.c
fn=_dl_initial_error_catch_tsd
797 8 0 0 4 0 0 0 0 0
fn=_dl_start
284 75 3 3 8 1 1 8 1 1
296 2 0 0 0 0 0 1 1 1
297 2 0 0 0 0 0 1 0 0
298 2 1 1 0 0 0 1 0 0
299 2 0 0 0 0 0 1 1 1
300 2 0 0 0 0 0 1 0 0
321 5 1 1 0 0 0 1 0 0
325 1 0 0 0 0 0 1 0 0
331 4 1 0 0 0 0 1 0 0
340 4 0 0 0 0 0 0 0 0
343 2 0 0 1 1 0 1 1 0
347 2 0 0 1 0 0 0 0 0
361 9 1 1 0 0 0 6 1 1
379 5 0 0 0 0 0 1 1 1
405 1 0 0 0 0 0 1 1 1
408 1 0 0 0 0 0 1 1 1
536 2 0 0 0 0 0 0 0 0
541 34 3 3 9 0 0 0 0 0
543 1 1 1 1 1 1 0 0 0
568 9 0 0 7 1 0 0 0 0
fn=dl_main
887 12 1 1 0 0 0 8 2 2
893 1 0 0 0 0 0 0 0 0
895 2 0 0 0 0 0 0 0 0
896 1 0 0 0 0 0 0 0 0
902 1 0 0 0 0 0 1 0 0
906 2 0 0 0 0 0 1 0 0
909 2 0 0 0 0 0 1 1 1
913 2 0 0 0 0 0 1 1 1
914 2 0 0 0 0 0 1 0 0
919 2 1 1 0 0 0 1 0 0
929 4 2 2 2 0 0 0 0 0
1128 8 1 1 0 0 0 1 0 0
1130 2 0 0 0 0 0 0 0 0
1131 1 0 0 0 0 0 1 1 1
1132 2 1 1 1 0 0 1 0 0
1133 3 0 0 2 0 0 1 0 0
1137 3 0 0 0 0 0 1 0 0
1138 2 0 0 1 0 0 0 0 0
1159 1 0 0 0 0 0 1 0 0
1160 1 0 0 0 0 0 1 0 0
1162 1 0 0 0 0 0 1 0 0
1164 1 1 1 1 0 0 0 0 0
1167 36 1 1 3 0 0 0 0 0
1168 71 1 1 9 5 5 0 0 0
1172 3 1 1 1 0 0 1 0 0
1173 1 0 0 0 0 0 0 0 0
1177 3 1 1 2 0 0 1 0 0
1178 1 0 0 0 0 0 0 0 0
1186 1 0 0 0 0 0 1 1 1
1187 2 1 1 2 1 1 0 0 0
1189 2 1 1 0 0 0 1 0 0
1196 3 0 0 1 0 0 0 0 0
1214 1 0 0 0 0 0 0 0 0
1222 4 0 0 2 0 0 0 0 0
1223 10 2 2 3 1 1 0 0 0
1224 4 0 0 2 0 0 0 0 0
1225 1 0 0 0 0 0 1 0 0
1228 4 0 0 2 1 1 0 0 0
1229 4 0 0 2 0 0 0 0 0
1230 2 0 0 0 0 0 2 0 0
1231 6 0 0 3 0 0 0 0 0
1232 2 0 0 0 0 0 1 0 0
1259 2 1 1 1 0 0 1 1 1
1260 1 0 0 0 0 0 0 0 0
1263 2 0 0 1 0 0 1 0 0
1264 2 0 0 1 0 0 1 0 0
1265 1 0 0 0 0 0 0 0 0
1270 3 0 0 1 1 1 0 0 0
1273 2 0 0 0 0 0 0 0 0
1275 2 0 0 0 0 0 0 0 0
1277 2 1 1 1 0 0 0 0 0
1290 3 0 0 1 0 0 0 0 0
1291 11 1 1 6 0 0 2 0 0
1296 1 0 0 0 0 0 1 0 0
1298 1 0 0 0 0 0 1 1 1
1299 1 0 0 0 0 0 1 0 0
1301 2 0 0 1 0 0 0 0 0
1302 2 1 1 0 0 0 1 0 0
1306 2 0 0 1 0 0 0 0 0
1308 2 0 0 0 0 0 0 0 0
1313 2 0 0 0 0 0 1 0 0
1316 4 1 1 0 0 0 1 0 0
1332 3 1 1 0 0 0 1 0 0
1338 9 1 1 1 0 0 2 0 0
1343 2 1 1 1 0 0 1 0 0
1346 4 0 0 1 0 0 2 0 0
1348 1 0 0 0 0 0 1 0 0
1353 2 0 0 1 0 0 0 0 0
1356 3 0 0 2 0 0 1 0 0
1357 4 1 1 1 0 0 1 0 0
1358 2 0 0 0 0 0 1 0 0
1359 1 0 0 0 0 0 1 0 0
1360 1 0 0 1 0 0 0 0 0
1361 1 0 0 1 0 0 0 0 0
1366 2 0 0 1 0 0 0 0 0
1367 5 1 1 1 0 0 1 0 0
1371 1 0 0 1 0 0 0 0 0
1373 4 0 0 1 0 0 0 0 0
1374 2 0 0 0 0 0 1 0 0
1375 4 1 1 1 1 1 1 0 0
1380 2 0 0 0 0 0 0 0 0
1381 6 0 0 1 1 1 0 0 0
1383 2 0 0 1 0 0 1 1 1
1384 2 0 0 1 0 0 1 0 0
1389 2 0 0 1 1 1 0 0 0
1394 3 1 1 1 0 0 0 0 0
1575 3 0 0 1 0 0 0 0 0
1578 2 0 0 1 0 0 1 0 0
1582 3 1 1 1 0 0 0 0 0
1587 2 0 0 1 0 0 1 0 0
1588 1 0 0 0 0 0 1 0 0
1593 3 0 0 1 0 0 0 0 0
1608 3 1 1 2 0 0 0 0 0
1610 1 0 0 0 0 0 0 0 0
1612 3 0 0 1 0 0 0 0 0
1619 11 1 1 0 0 0 3 0 0
1622 6 0 0 0 0 0 0 0 0
1625 12 1 1 0 0 0 2 0 0
1626 2 0 0 1 0 0 0 0 0
1627 3 0 0 1 0 0 0 0 0
1629 6 1 1 0 0 0 1 0 0
1631 4 0 0 0 0 0 0 0 0
1632 2 0 0 1 0 0 0 0 0
1633 3 1 1 0 0 0 1 0 0
1643 5 0 0 0 0 0 1 0 0
1720 4 1 1 2 0 0 0 0 0
1724 8 1 1 0 0 0 0 0 0
1725 1 0 0 0 0 0 0 0 0
1728 2 0 0 0 0 0 1 0 0
1729 1 0 0 1 0 0 0 0 0
1730 2 0 0 0 0 0 0 0 0
1731 2 1 1 0 0 0 0 0 0
1737 5 0 0 0 0 0 0 0 0
1738 8 0 0 0 0 0 1 0 0
1739 4 1 1 0 0 0 0 0 0
1741 2 0 0 1 0 0 0 0 0
1744 13 0 0 2 0 0 0 0 0
1745 16 0 0 8 0 0 0 0 0
1748 3 0 0 2 0 0 1 0 0
1749 3 1 1 1 0 0 0 0 0
1750 1 0 0 0 0 0 1 0 0
1752 12 1 1 0 0 0 0 0 0
1753 9 0 0 4 0 0 0 0 0
1763 2 1 1 0 0 0 1 0 0
1765 2 0 0 1 0 0 1 0 0
1766 2 1 1 1 0 0 0 0 0
1768 3 0 0 0 0 0 1 0 0
1770 3 0 0 0 0 0 0 0 0
1772 3 0 0 1 0 0 0 0 0
1773 1 1 1 1 0 0 0 0 0
1784 3 1 1 0 0 0 0 0 0
1786 2 0 0 0 0 0 0 0 0
1787 2 0 0 0 0 0 1 0 0
1788 3 0 0 1 0 0 0 0 0
1799 4 0 0 0 0 0 1 0 0
1800 1 1 1 0 0 0 1 0 0
1801 5 0 0 0 0 0 1 0 0
1811 2 1 1 1 0 0 1 0 0
1812 2 0 0 1 0 0 0 0 0
1813 2 0 0 0 0 0 2 0 0
1815 2 0 0 1 0 0 0 0 0
1818 1 0 0 0 0 0 1 0 0
1820 2 0 0 1 0 0 0 0 0
2050 3 1 1 1 0 0 0 0 0
2106 2 1 1 0 0 0 1 0 0
2110 4 1 1 2 0 0 2 0 0
2114 2 0 0 1 0 0 1 0 0
2117 2 0 0 0 0 0 0 0 0
2125 2 1 1 0 0 0 0 0 0
2136 1 1 1 1 0 0 0 0 0
2171 3 2 2 1 0 0 0 0 0
2178 1 0 0 1 0 0 0 0 0
2180 11 0 0 1 0 0 1 0 0
2182 13 1 1 1 1 0 0 0 0
2184 12 1 1 8 1 0 0 0 0
2189 8 0 0 8 0 0 0 0 0
2191 10 0 0 0 0 0 0 0 0
2193 1 1 1 0 0 0 1 0 0
2194 1 0 0 1 0 0 0 0 0
2197 4 0 0 4 0 0 0 0 0
2199 12 0 0 0 0 0 0 0 0
2200 24 0 0 6 2 0 3 0 0
2204 14 0 0 5 1 0 0 0 0
2205 3 0 0 0 0 0 1 0 0
2207 4 0 0 0 0 0 0 0 0
2209 2 1 1 0 0 0 1 0 0
2215 2 0 0 1 0 0 0 0 0
2220 4 1 1 2 0 0 0 0 0
2221 1 1 1 1 0 0 0 0 0
2226 2 0 0 1 0 0 1 0 0
2230 2 0 0 1 0 0 0 0 0
2244 3 1 1 2 1 0 0 0 0
2246 4 1 1 1 0 0 0 0 0
2261 5 0 0 0 0 0 0 0 0
2263 1 0 0 1 0 0 0 0 0
2264 5 0 0 1 0 0 1 0 0
2265 4 0 0 0 0 0 0 0 0
2267 3 0 0 1 0 0 0 0 0
2275 1 0 0 0 0 0 1 0 0
2279 3 0 0 1 0 0 0 0 0
2299 3 0 0 0 0 0 1 0 0
2300 1 0 0 0 0 0 1 0 0
2301 1 0 0 0 0 0 1 0 0
2306 1 0 0 0 0 0 1 0 0
2311 8 1 1 7 2 0 0 0 0
2481 2 0 0 1 0 0 1 1 1
2483 1 0 0 0 0 0 0 0 0
2484 1 0 0 0 0 0 0 0 0
2488 13 2 2 1 0 0 4 0 0
2490 15 0 0 3 0 0 3 1 1
2494 105 1 1 21 1 1 0 0 0
2495 19 0 0 0 0 0 0 0 0
2497 4 0 0 0 0 0 0 0 0
2503 16 0 0 2 0 0 0 0 0
2526 6 1 1 0 0 0 1 0 0
2533 6 1 1 0 0 0 1 0 0
2535 3 1 1 0 0 0 1 0 0
2579 6 1 1 0 0 0 1 0 0
2581 3 1 1 0 0 0 1 0 0
2653 3 1 1 1 0 0 0 0 0
2686 3 0 0 1 0 0 0 0 0
fn=do_preload
803 6 0 0 0 0 0 3 0 0
805 1 0 0 0 0 0 1 0 0
809 1 0 0 0 0 0 1 0 0
810 1 1 1 0 0 0 1 0 0
811 1 0 0 0 0 0 1 0 0
813 1 0 0 1 0 0 0 0 0
815 6 0 0 0 0 0 1 0 0
816 3 0 0 1 0 0 0 0 0
824 3 1 1 1 0 0 0 0 0
830 5 0 0 4 0 0 0 0 0
fn=init_tls
716 1 0 0 0 0 0 1 0 0
718 2 0 0 1 0 0 1 0 0
722 2 0 0 1 0 0 0 0 0
723 1 1 1 0 0 0 0 0 0
728 2 0 0 0 0 0 1 0 0
731 1 0 0 0 0 0 1 0 0
732 4 0 0 0 0 0 1 0 0
737 1 0 0 0 0 0 0 0 0
739 1 0 0 0 0 0 1 0 0
743 2 1 1 1 1 1 0 0 0
744 1 0 0 0 0 0 0 0 0
745 11 1 1 1 0 0 0 0 0
746 8 0 0 4 0 0 0 0 0
747 8 0 0 4 0 0 0 0 0
751 3 0 0 0 0 0 1 1 1
753 1 0 0 0 0 0 0 0 0
755 3 0 0 0 0 0 0 0 0
758 1 1 1 0 0 0 1 0 0
765 2 0 0 0 0 0 1 0 0
766 2 0 0 0 0 0 0 0 0
772 2 1 1 1 0 0 1 0 0
780 7 0 0 0 0 0 2 0 0
784 1 1 1 0 0 0 1 0 0
786 1 0 0 0 0 0 0 0 0
787 2 0 0 2 0 0 0 0 0
fn=map_doit
624 2 1 1 0 0 0 1 0 0
626 8 1 1 3 0 0 2 0 0
628 2 0 0 2 0 0 0 0 0
fn=rtld_lock_default_lock_recursive
837 8 2 1 8 1 1 0 0 0
fn=rtld_lock_default_unlock_recursive
843 8 2 1 8 0 0 0 0 0
fn=security_init
850 2 0 0 0 0 0 1 0 0
852 1 0 0 1 0 0 0 0 0
854 1 0 0 0 0 0 1 0 0
861 1 0 0 1 0 0 0 0 0
863 1 0 0 0 0 0 1 0 0
865 1 0 0 0 0 0 1 0 0
870 1 1 1 0 0 0 1 0 0
871 3 0 0 2 0 0 0 0 0
fn=version_check_doit
656 2 1 1 0 0 0 1 0 0
658 6 0 0 2 0 0 1 0 0
662 2 0 0 2 0 0 0 0 0
fl=/build/eglibc-oGUzwX/eglibc-2.19/elf/setup-vdso.h
fn=dl_main
24 2 0 0 1 0 0 0 0 0
fl=/build/eglibc-oGUzwX/eglibc-2.19/io/../sysdeps/unix/syscall-template.S
fn=__read_nocancel
81 5 0 0 1 0 0 0 0 0
fn=__write_nocancel
81 45 0 0 9 0 0 0 0 0
fn=access
81 12 1 1 0 0 0 0 0 0
83 15 1 1 3 0 0 3 1 1
fn=close
81 12 1 1 0 0 0 0 0 0
82 3 0 0 3 0 0 0 0 0
fn=open
81 92 1 1 0 0 0 0 0 0
82 3 0 0 3 0 0 0 0 0
83 100 0 0 20 0 0 20 0 0
fn=read
81 10 1 1 1 0 0 0 0 0
82 2 0 0 2 0 0 0 0 0
fn=write
81 18 1 1 9 0 0 0 0 0
fl=/build/eglibc-oGUzwX/eglibc-2.19/io/../sysdeps/unix/sysv/linux/wordsize-64/fxstat.c
fn=_fxstat
33 5 0 0 0 0 0 0 0 0
34 10 2 2 0 0 0 0 0 0
35 30 0 0 0 0 0 0 0 0
39 5 0 0 5 0 0 0 0 0
fl=/build/eglibc-oGUzwX/eglibc-2.19/io/../sysdeps/unix/sysv/linux/wordsize-64/xstat.c
fn=_xstat
33 16 0 0 0 0 0 0 0 0
34 32 1 1 0 0 0 0 0 0
35 152 0 0 14 0 0 14 0 0
39 2 0 0 2 0 0 0 0 0
fl=/build/eglibc-oGUzwX/eglibc-2.19/libio/../sysdeps/unix/sysv/linux/sys/sysmacros.h
fn=_IO_file_doallocate
41 6 0 0 0 0 0 0 0 0
fl=/build/eglibc-oGUzwX/eglibc-2.19/libio/filedoalloc.c
fn=_IO_file_doallocate
96 10 1 1 0 0 0 6 0 0
111 16 1 1 6 1 0 2 2 0
113 8 0 0 2 1 0 0 0 0
116 2 0 0 0 0 0 0 0 0
118 2 1 1 1 0 0 0 0 0
121 1 0 0 1 0 0 0 0 0
124 12 1 1 2 0 0 0 0 0
128 16 0 0 0 0 0 2 0 0
129 10 1 1 0 0 0 2 0 0
130 2 0 0 0 0 0 0 0 0
131 10 0 0 8 0 0 0 0 0
fl=/build/eglibc-oGUzwX/eglibc-2.19/libio/fileops.c
fn=_IO_do_write@@GLIBC_2.2.5
509 60 1 1 0 0 0 40 0 0
511 66 0 0 0 0 0 0 0 0
512 60 0 0 50 0 0 0 0 0
523 36 1 1 9 0 0 0 0 0
530 36 0 0 18 0 0 0 0 0
538 54 1 1 18 0 0 9 0 0
539 27 0 0 9 0 0 0 0 0
541 36 1 1 9 0 0 27 0 0
542 18 0 0 0 0 0 18 0 0
543 9 0 0 0 0 0 9 0 0
544 18 0 0 9 0 0 0 0 0
545 27 0 0 9 0 0 0 0 0
fn=_IO_file_overflow@@GLIBC_2.2.5
824 676 1 1 0 0 0 507 0 0
825 507 0 0 169 0 0 0 0 0
832 1179 0 0 336 0 0 0 0 0
835 2 1 1 1 0 0 0 0 0
837 2 1 1 0 0 0 1 0 0
838 6 0 0 2 0 0 3 0 0
847 2 1 1 0 0 0 0 0 0
856 4 0 0 2 0 0 0 0 0
858 1 0 0 0 0 0 1 0 0
859 2 0 0 0 0 0 1 0 0
860 1 0 0 0 0 0 1 0 0
861 2 0 0 0 0 0 2 0 0
863 3 1 1 0 0 0 1 0 0
864 5 0 0 1 0 0 0 0 0
865 2 0 0 0 0 0 1 0 0
867 338 0 0 0 0 0 0 0 0
868 14 1 1 0 0 0 0 0 0
869 7 0 0 0 0 0 0 0 0
870 324 0 0 162 0 0 0 0 0
873 486 0 0 0 0 0 324 1 1
874 486 0 0 162 0 0 0 0 0
875 648 0 0 0 0 0 0 0 0
876 12 0 0 0 0 0 3 0 0
877 9 0 0 6 0 0 0 0 0
879 162 0 0 0 0 0 0 0 0
880 669 0 0 669 0 0 0 0 0
fn=_IO_file_read
1204 4 1 1 2 0 0 0 0 0
fn=_IO_file_setbuf@@GLIBC_2.2.5
461 2 1 1 0 0 0 1 0 0
462 3 0 0 0 0 0 1 0 0
465 2 0 0 0 0 0 2 0 0
466 2 0 0 1 0 0 1 0 0
467 3 0 0 0 0 0 3 0 0
469 1 0 0 0 0 0 0 0 0
470 2 0 0 2 0 0 0 0 0
fn=_IO_file_stat
1222 2 1 1 0 0 0 0 0 0
1223 6 0 0 2 0 0 0 0 0
fn=_IO_file_sync@@GLIBC_2.2.5
886 2 1 1 0 0 0 1 0 0
891 4 0 0 2 0 0 0 0 0
893 1 1 1 1 0 0 0 0 0
894 2 0 0 1 0 0 0 0 0
911 2 0 0 0 0 0 1 0 0
915 2 0 0 2 0 0 0 0 0
fn=_IO_file_underflow@@GLIBC_2.2.5
552 4 1 1 0 0 0 2 0 0
560 3 1 1 1 0 0 0 0 0
566 3 0 0 2 0 0 0 0 0
569 2 0 0 1 0 0 0 0 0
572 3 2 2 1 0 0 0 0 0
577 4 0 0 1 0 0 1 0 0
582 2 0 0 0 0 0 0 0 0
602 2 1 1 0 0 0 1 0 0
608 3 0 0 1 0 0 2 0 0
609 1 0 0 0 0 0 1 0 0
610 2 0 0 0 0 0 2 0 0
611 1 0 0 0 0 0 1 0 0
613 5 1 1 3 0 0 1 0 0
615 2 0 0 0 0 0 0 0 0
622 1 0 0 1 0 0 0 0 0
625 3 0 0 1 0 0 0 0 0
627 2 0 0 2 1 0 0 0 0
628 4 0 0 3 0 0 0 0 0
fn=_IO_file_write@@GLIBC_2.2.5
1254 63 1 1 0 0 0 36 0 0
1256 63 0 0 0 0 0 0 0 0
1260 27 0 0 9 0 0 0 0 0
1261 27 1 1 9 0 0 9 0 0
1262 18 0 0 0 0 0 0 0 0
1267 9 0 0 0 0 0 0 0 0
1268 9 0 0 0 0 0 0 0 0
1271 27 0 0 9 0 0 0 0 0
1274 81 1 1 45 0 0 0 0 0
fn=_IO_file_xsputn@@GLIBC_2.2.5
1281 1032 1 1 0 0 0 774 1 0
1287 258 0 0 0 0 0 0 0 0
1288 129 0 0 0 0 0 0 0 0
1294 762 0 0 127 0 0 0 0 0
1296 378 0 0 252 0 0 0 0 0
1297 252 0 0 0 0 0 0 0 0
1300 1148 1 1 0 0 0 0 0 0
1302 815 0 0 271 0 0 0 0 0
1304 24 1 1 0 0 0 0 0 0
1311 6 1 1 2 0 0 0 0 0
1315 144 0 0 0 0 0 0 0 0
1320 630 0 0 0 0 0 252 0 0
1325 126 0 0 0 0 0 0 0 0
1326 378 0 0 0 0 0 0 0 0
1328 381 0 0 0 0 0 0 0 0
1332 42 0 0 14 1 0 7 0 0
1338 14 0 0 14 0 0 0 0 0
1339 42 1 1 0 0 0 0 0 0
1341 21 0 0 0 0 0 0 0 0
1352 14 0 0 0 0 0 0 0 0
1353 30 0 0 0 0 0 5 0 0
1355 254 1 1 0 0 0 0 0 0
1356 1032 0 0 903 0 0 0 0 0
fl=/build/eglibc-oGUzwX/eglibc-2.19/libio/genops.c
fn=_IO_cleanup
950 13 2 2 4 0 0 0 0 0
952 9 0 0 3 0 0 0 0 0
953 4 0 0 0 0 0 0 0 0
954 2 0 0 0 0 0 0 0 0
956 4 0 0 1 0 0 0 0 0
962 17 1 1 7 0 0 2 0 0
970 5 0 0 2 0 0 0 0 0
972 2 0 0 0 0 0 1 0 0
974 2 0 0 1 0 0 1 0 0
975 1 1 1 0 0 0 1 0 0
976 2 0 0 1 0 0 1 0 0
977 4 0 0 1 0 0 1 0 0
980 5 0 0 2 0 0 1 0 0
983 5 0 0 1 0 0 0 0 0
984 8 1 1 3 0 0 1 0 0
990 3 1 1 0 0 0 3 0 0
1010 5 1 1 0 0 0 4 0 0
1013 3 0 0 0 0 0 1 0 0
1025 7 0 0 5 0 0 0 0 0
fn=_IO_default_setbuf
400 5 0 0 1 0 0 0 0 0
402 1 0 0 0 0 0 1 0 0
403 1 0 0 0 0 0 1 0 0
407 2 1 1 0 0 0 1 0 0
557 6 1 1 0 0 0 3 0 0
558 4 1 1 2 0 0 1 0 0
560 2 0 0 0 0 0 0 0 0
562 2 0 0 0 0 0 1 0 0
563 2 0 0 0 0 0 0 0 0
567 2 0 0 1 0 0 0 0 0
570 3 0 0 0 0 0 3 0 0
571 3 0 0 0 0 0 3 0 0
572 1 0 0 0 0 0 0 0 0
573 4 1 1 4 0 0 0 0 0
fn=_IO_default_uflow
434 2 1 1 0 0 0 1 0 0
435 2 0 0 2 0 0 1 0 0
436 2 0 0 0 0 0 0 0 0
438 4 1 1 2 0 0 1 0 0
439 2 0 0 2 0 0 0 0 0
fn=_IO_default_xsputn
447 30 0 0 0 0 0 25 0 0
450 30 0 0 0 0 0 0 0 0
451 5 0 0 0 0 0 0 0 0
455 592 3 1 296 0 0 0 0 0
480 1440 1 1 429 0 0 143 0 0
482 143 0 0 0 0 0 0 0 0
484 10 3 1 0 0 0 0 0 0
485 30 0 0 30 0 0 0 0 0
fn=_IO_doallocbuf
414 8 1 1 0 0 0 6 1 0
415 4 0 0 2 0 0 0 0 0
417 6 1 1 2 0 0 0 0 0
418 10 0 0 4 1 0 2 0 0
421 8 0 0 8 0 0 0 0 0
fn=_IO_flush_all_lockp
822 8 1 1 0 0 0 6 0 0
823 1 0 0 0 0 0 0 0 0
828 3 0 0 0 0 0 0 0 0
833 1 0 0 1 1 1 0 0 0
834 1 1 1 1 0 0 0 0 0
835 8 0 0 0 0 0 0 0 0
837 3 0 0 0 0 0 3 0 0
838 6 1 1 0 0 0 0 0 0
839 2 0 0 1 0 0 0 0 0
841 21 2 2 9 2 1 0 0 0
851 6 1 1 0 0 0 0 0 0
853 3 1 1 0 0 0 3 0 0
855 9 1 1 3 0 0 0 0 0
862 3 0 0 3 1 0 0 0 0
866 2 0 0 0 0 0 0 0 0
868 2 0 0 0 0 0 0 0 0
872 9 0 0 7 0 0 0 0 0
fn=_IO_setb
399 10 1 1 0 0 0 4 0 0
400 8 0 0 4 0 0 0 0 0
402 2 0 0 0 0 0 2 0 0
403 2 0 0 0 0 0 2 0 0
405 12 0 0 0 0 0 2 0 0
408 8 0 0 6 0 0 0 0 0
fn=_IO_sputbackc
726 1620 1 1 0 0 0 810 0 0
729 2430 0 0 1620 0 0 0 0 0
730 1620 0 0 810 0 0 0 0 0
732 2430 2 1 0 0 0 810 0 0
733 810 0 0 0 0 0 0 0 0
739 810 0 0 810 0 0 0 0 0
742 1620 0 0 1620 0 0 0 0 0
fn=_IO_switch_to_get_mode
182 2 1 1 0 0 0 1 0 0
183 3 0 0 2 0 0 0 0 0
186 3 1 1 1 0 0 0 0 0
190 2 0 0 1 0 0 1 0 0
191 2 0 0 1 0 0 0 0 0
194 1 0 0 0 0 0 1 0 0
196 2 0 0 0 0 0 2 0 0
198 2 0 0 0 0 0 1 0 0
199 1 0 0 0 0 0 0 0 0
200 2 0 0 2 0 0 0 0 0
fn=__overflow
241 57 1 1 19 0 0 0 0 0
243 57 1 1 38 0 0 0 0 0
fn=__uflow
363 2 1 1 0 0 0 1 0 0
365 5 1 1 1 0 0 0 0 0
371 5 1 1 3 0 0 0 0 0
374 2 0 0 0 0 0 0 0 0
376 2 0 0 0 0 0 0 0 0
382 2 0 0 1 0 0 0 0 0
387 3 2 2 1 0 0 0 0 0
389 4 0 0 2 1 0 0 0 0
390 1 0 0 1 0 0 0 0 0
fl=/build/eglibc-oGUzwX/eglibc-2.19/libio/ioputs.c
fn=puts
34 8 1 1 0 0 0 6 0 0
36 4 0 0 0 0 0 2 0 0
37 38 3 2 22 0 0 2 0 0
39 4 1 1 0 0 0 0 0 0
40 6 0 0 2 0 0 0 0 0
41 12 1 1 4 0 0 2 0 0
42 18 0 0 6 0 0 2 0 0
43 8 0 0 0 0 0 0 0 0
47 10 0 0 8 0 0 0 0 0
fl=/build/eglibc-oGUzwX/eglibc-2.19/libio/libioP.h
fn=putchar
904 2 0 0 1 0 0 0 0 0
905 8 0 0 4 0 0 1 0 0
fn=puts
904 4 1 1 2 0 0 0 0 0
905 16 0 0 8 0 0 2 0 0
fl=/build/eglibc-oGUzwX/eglibc-2.19/libio/putchar.c
fn=putchar
26 2 1 1 0 0 0 1 0 0
28 19 2 2 11 0 0 1 0 0
29 7 2 2 2 0 0 1 0 0
32 3 0 0 2 0 0 0 0 0
fl=/build/eglibc-oGUzwX/eglibc-2.19/math/../sysdeps/ieee754/dbl-64/wordsize-64/s_isinf.c
fn=isinf
19 2 0 0 0 0 0 0 0 0
20 4 1 1 0 0 0 0 0 0
21 4 0 0 0 0 0 0 0 0
22 6 0 0 0 0 0 0 0 0
23 8 0 0 0 0 0 0 0 0
24 2 0 0 2 0 0 0 0 0
fl=/build/eglibc-oGUzwX/eglibc-2.19/math/../sysdeps/ieee754/dbl-64/wordsize-64/s_isnan.c
fn=isnan
26 2 0 0 0 0 0 0 0 0
27 4 1 1 0 0 0 0 0 0
28 4 0 0 0 0 0 0 0 0
29 2 1 1 0 0 0 0 0 0
30 2 0 0 2 0 0 0 0 0
fl=/build/eglibc-oGUzwX/eglibc-2.19/misc/../sysdeps/unix/syscall-template.S
fn=mmap
81 55 3 3 0 0 0 0 0 0
82 11 0 0 11 0 0 0 0 0
fn=mprotect
81 24 1 1 0 0 0 0 0 0
82 6 0 0 6 0 0 0 0 0
fn=munmap
81 4 0 0 0 0 0 0 0 0
82 1 0 0 1 0 0 0 0 0
fl=/build/eglibc-oGUzwX/eglibc-2.19/misc/init-misc.c
fn=__init_misc
30 4 1 1 0 0 0 2 0 0
31 5 0 0 1 0 0 0 0 0
33 3 0 0 0 0 0 1 0 0
37 5 0 0 1 0 0 1 1 0
38 3 1 1 2 0 0 1 0 0
40 4 0 0 3 0 0 0 0 0
fl=/build/eglibc-oGUzwX/eglibc-2.19/nptl/../nptl/sysdeps/unix/sysv/linux/unregister-atfork.c
fn=__unregister_atfork
28 2 0 0 0 0 0 1 0 0
36 1 1 1 1 1 1 0 0 0
39 2 0 0 0 0 0 0 0 0
121 2 0 0 2 0 0 0 0 0
fl=/build/eglibc-oGUzwX/eglibc-2.19/posix/../sysdeps/unix/syscall-template.S
fn=uname
81 4 1 1 0 0 0 0 0 0
82 1 0 0 1 0 0 0 0 0
fl=/build/eglibc-oGUzwX/eglibc-2.19/posix/../sysdeps/unix/sysv/linux/_exit.c
fn=_Exit
28 2 1 1 1 0 0 0 0 0
32 4 0 0 0 0 0 0 0 0
34 2 0 0 0 0 0 0 0 0
fl=/build/eglibc-oGUzwX/eglibc-2.19/setjmp/../sysdeps/x86_64/bsd-_setjmp.S
fn=_setjmp
30 1 1 1 0 0 0 0 0 0
32 1 0 0 0 0 0 0 0 0
fl=/build/eglibc-oGUzwX/eglibc-2.19/setjmp/../sysdeps/x86_64/setjmp.S
fn=__sigsetjmp
26 4 2 2 0 0 0 4 0 0
35 4 0 0 0 0 0 0 0 0
36 8 2 2 4 0 0 0 0 0
37 4 0 0 0 0 0 4 0 0
41 4 0 0 0 0 0 4 0 0
42 4 0 0 0 0 0 4 1 1
43 4 0 0 0 0 0 4 0 0
44 4 0 0 0 0 0 4 0 0
45 4 0 0 0 0 0 0 0 0
47 8 0 0 4 0 0 0 0 0
49 4 0 0 0 0 0 4 0 0
50 4 0 0 4 0 0 0 0 0
53 8 0 0 4 0 0 0 0 0
55 4 1 1 0 0 0 4 0 0
59 3 0 0 0 0 0 0 0 0
60 3 0 0 3 0 0 0 0 0
64 1 0 0 0 0 0 0 0 0
fl=/build/eglibc-oGUzwX/eglibc-2.19/setjmp/sigjmp.c
fn=__sigjmp_save
28 2 0 0 0 0 0 1 0 0
29 4 0 0 0 0 0 1 0 0
34 3 0 0 2 0 0 0 0 0
fl=/build/eglibc-oGUzwX/eglibc-2.19/stdio-common/../include/rounding-mode.h
fn=__printf_fp
52 5 1 1 0 0 0 0 0 0
fl=/build/eglibc-oGUzwX/eglibc-2.19/stdio-common/../libio/libioP.h
fn=__isoc99_scanf
913 409 0 0 409 0 0 0 0 0
914 818 0 0 409 0 0 0 0 0
915 3272 1 1 1636 0 0 409 0 0
fl=/build/eglibc-oGUzwX/eglibc-2.19/stdio-common/../nptl/sysdeps/pthread/allocalim.h
fn=_IO_vfscanf
28 627 0 0 0 0 0 0 0 0
fn=__printf_fp
28 4 0 0 0 0 0 0 0 0
fl=/build/eglibc-oGUzwX/eglibc-2.19/stdio-common/../sysdeps/generic/get-rounding-mode.h
fn=__printf_fp
93 2 1 1 0 0 0 2 0 0
94 14 1 1 2 0 0 0 0 0
fl=/build/eglibc-oGUzwX/eglibc-2.19/stdio-common/_itoa.c
fn=_itoa_word
168 164 1 1 0 0 0 0 0 0
170 82 0 0 0 0 0 0 0 0
179 850 2 2 64 1 1 64 0 0
188 82 0 0 41 0 0 0 0 0
fl=/build/eglibc-oGUzwX/eglibc-2.19/stdio-common/isoc99_scanf.c
fn=__isoc99_scanf
27 4499 2 2 0 0 0 2863 0 0
32 8180 4 2 4908 3 2 409 0 0
34 409 0 0 409 1 1 0 0 0
36 2454 1 1 0 0 0 1636 0 0
37 2454 0 0 409 0 0 409 0 0
44 2045 0 0 1227 0 0 0 0 0
fl=/build/eglibc-oGUzwX/eglibc-2.19/stdio-common/printf-parse.h
fn=vfprintf
108 344 0 0 0 0 0 172 1 0
fl=/build/eglibc-oGUzwX/eglibc-2.19/stdio-common/printf.c
fn=printf
28 403 1 1 0 0 0 231 0 0
32 258 2 2 0 0 0 172 0 0
33 172 0 0 86 0 0 43 0 0
37 86 0 0 43 0 0 0 0 0
fl=/build/eglibc-oGUzwX/eglibc-2.19/stdio-common/printf_fp.c
fn=__printf_fp
161 20 1 1 0 0 0 12 0 0
175 2 0 0 0 0 0 2 0 0
176 2 1 1 0 0 0 2 0 0
194 2 1 1 0 0 0 2 0 0
196 2 0 0 0 0 0 2 0 0
208 2 1 1 0 0 0 0 0 0
215 12 0 0 2 0 0 2 1 0
274 4 0 0 0 0 0 0 0 0
276 12 0 0 8 0 0 4 0 0
277 4 0 0 2 0 0 2 0 0
300 6 1 1 2 0 0 0 0 0
342 2 1 1 0 0 0 2 0 0
349 4 0 0 0 0 0 0 0 0
351 2 0 0 2 0 0 0 0 0
396 6 1 1 2 0 0 2 0 0
400 6 0 0 0 0 0 2 0 0
415 10 1 1 2 0 0 2 0 0
431 20 2 2 2 0 0 6 0 0
435 8 0 0 0 0 0 0 0 0
471 14 2 1 2 0 0 0 0 0
472 2 0 0 0 0 0 0 0 0
473 2 0 0 0 0 0 0 0 0
474 2 0 0 0 0 0 0 0 0
475 12 0 0 0 0 0 2 0 0
476 8 2 1 0 0 0 2 0 0
477 8 0 0 0 0 0 2 0 0
483 2 0 0 0 0 0 2 0 0
484 4 0 0 0 0 0 0 0 0
623 2 1 1 0 0 0 0 0 0
655 4 1 1 0 0 0 0 0 0
658 2 0 0 0 0 0 2 0 0
659 2 0 0 0 0 0 0 0 0
660 2 0 0 0 0 0 0 0 0
663 8 1 1 0 0 0 2 1 0
664 10 1 1 4 0 0 4 0 0
667 2 0 0 0 0 0 2 0 0
668 6 0 0 2 0 0 2 0 0
673 24 0 0 0 0 0 0 0 0
675 48 0 0 24 5 5 0 0 0
682 10 1 1 4 0 0 0 0 0
683 2 0 0 0 0 0 0 0 0
684 2 0 0 2 0 0 0 0 0
688 16 1 1 4 0 0 4 0 0
691 14 0 0 4 0 0 0 0 0
695 10 1 1 4 0 0 0 0 0
696 14 0 0 0 0 0 0 0 0
697 2 0 0 0 0 0 0 0 0
704 8 0 0 2 0 0 0 0 0
716 6 0 0 0 0 0 2 0 0
726 8 1 1 2 0 0 0 0 0
734 4 0 0 0 0 0 2 0 0
735 8 0 0 2 0 0 0 0 0
740 8 0 0 0 0 0 0 0 0
743 16 2 2 2 0 0 0 0 0
744 4 0 0 0 0 0 0 0 0
751 2 0 0 0 0 0 0 0 0
754 12 0 0 0 0 0 0 0 0
766 2 0 0 0 0 0 0 0 0
776 10 0 0 4 0 0 2 0 0
779 4 0 0 0 0 0 2 0 0
784 24 1 1 0 0 0 0 0 0
786 116 1 1 0 0 0 0 0 0
788 6 1 1 2 0 0 0 0 0
792 10 0 0 6 0 0 2 0 0
793 2 0 0 2 0 0 0 0 0
796 4 1 1 4 0 0 0 0 0
797 10 0 0 4 0 0 0 0 0
805 10 1 1 2 0 0 2 0 0
806 2 0 0 0 0 0 2 0 0
807 4 1 1 2 0 0 0 0 0
810 6 0 0 2 0 0 2 0 0
828 4 2 1 2 0 0 2 0 0
832 2 0 0 0 0 0 2 0 0
837 2 0 0 0 0 0 2 0 0
838 12 0 0 8 1 1 2 0 0
840 4 1 1 0 0 0 0 0 0
850 4 0 0 2 0 0 0 0 0
852 2 0 0 0 0 0 2 0 0
853 18 4 4 4 0 0 6 0 0
854 2 0 0 0 0 0 2 0 0
855 2 0 0 0 0 0 2 0 0
856 6 0 0 2 0 0 0 0 0
864 2 0 0 0 0 0 2 0 0
865 6 1 1 0 0 0 2 0 0
898 6 1 1 2 0 0 0 0 0
912 12 1 1 2 0 0 0 0 0
913 2 0 0 2 0 0 0 0 0
919 4 1 1 2 0 0 0 0 0
920 2 0 0 0 0 0 2 0 0
921 2 0 0 0 0 0 2 0 0
929 12 1 1 2 0 0 2 0 0
930 4 0 0 2 0 0 0 0 0
933 10 0 0 4 0 0 0 0 0
945 6 1 1 2 0 0 0 0 0
951 4 1 1 2 0 0 2 0 0
952 2 0 0 2 0 0 0 0 0
953 8 0 0 2 0 0 2 0 0
957 6 0 0 0 0 0 2 0 0
958 36 0 0 14 0 0 14 0 0
959 42 1 1 0 0 0 0 0 0
960 12 1 1 2 0 0 0 0 0
962 12 0 0 0 0 0 0 0 0
963 36 0 0 12 0 0 24 0 0
964 36 1 1 0 0 0 0 0 0
966 12 0 0 4 0 0 0 0 0
975 6 0 0 4 0 0 0 0 0
976 8 0 0 2 0 0 6 0 0
978 12 1 1 4 0 0 0 0 0
979 2 0 0 0 0 0 0 0 0
995 4 0 0 0 0 0 0 0 0
1000 2 0 0 0 0 0 0 0 0
1005 8 1 1 2 0 0 0 0 0
1010 2 0 0 1 0 0 0 0 0
1012 2 0 0 1 0 0 0 0 0
1014 2 0 0 0 0 0 1 0 0
1025 5 1 1 3 0 0 0 0 0
1036 2 1 1 0 0 0 0 0 0
1094 6 1 1 0 0 0 0 0 0
1101 4 0 0 0 0 0 0 0 0
1104 4 1 1 2 0 0 0 0 0
1117 6 1 1 2 0 0 0 0 0
1163 12 1 1 4 0 0 0 0 0
1165 14 1 1 2 0 0 4 0 0
1167 14 0 0 2 0 0 0 0 0
1170 4 0 0 0 0 0 0 0 0
1172 6 2 1 2 0 0 0 0 0
1174 4 1 1 0 0 0 0 0 0
1175 12 1 1 8 0 0 0 0 0
1177 8 1 1 2 0 0 0 0 0
1186 6 0 0 2 0 0 0 0 0
1192 6 0 0 2 0 0 0 0 0
1196 8 2 1 2 0 0 6 0 0
1198 8 0 0 4 0 0 0 0 0
1199 4 0 0 0 0 0 2 0 0
1203 4 1 1 2 0 0 0 0 0
1204 4 0 0 2 0 0 0 0 0
1205 4 1 1 2 0 0 0 0 0
1216 10 0 0 0 0 0 0 0 0
1217 4 0 0 0 0 0 2 0 0
1223 76 1 1 4 0 0 8 0 0
1224 48 0 0 16 0 0 0 0 0
1225 10 0 0 4 0 0 2 0 0
1226 28 0 0 0 0 0 0 0 0
1229 28 0 0 0 0 0 14 0 0
1232 2 0 0 0 0 0 0 0 0
1233 4 2 1 2 0 0 0 0 0
1250 316 7 6 82 0 0 48 0 0
1253 4 1 1 2 0 0 0 0 0
1260 6 0 0 2 0 0 0 0 0
1264 16 1 1 14 0 0 0 0 0
fn=hack_digit.13665
231 56 1 1 0 0 0 28 1 0
234 154 1 1 42 0 0 14 0 0
236 30 1 1 10 0 0 0 0 0
238 40 1 1 30 0 0 0 0 0
239 50 0 0 0 0 0 20 0 0
269 80 0 0 42 0 0 0 0 0
fl=/build/eglibc-oGUzwX/eglibc-2.19/stdio-common/vfprintf.c
fn=vfprintf
235 473 1 1 0 0 0 258 0 0
240 43 1 1 0 0 0 43 0 0
270 129 0 0 86 0 0 43 0 0
274 43 0 0 0 0 0 43 0 0
277 43 0 0 0 0 0 43 1 0
283 43 0 0 0 0 0 43 0 0
1295 214 1 1 43 1 0 1 0 0
1299 215 0 0 43 1 1 0 0 0
1310 86 0 0 0 0 0 0 0 0
1317 43 0 0 0 0 0 43 0 0
1321 258 1 1 129 0 0 129 0 0
1325 43 0 0 0 0 0 43 0 0
1332 43 0 0 0 0 0 43 1 0
1336 430 3 2 86 0 0 172 0 0
1337 645 1 1 344 1 0 43 0 0
1340 559 2 2 129 0 0 129 0 0
1344 129 1 1 86 0 0 0 0 0
1348 301 1 1 129 0 0 0 0 0
1375 43 0 0 0 0 0 43 1 0
1376 43 1 1 0 0 0 43 0 0
1377 43 0 0 0 0 0 43 0 0
1378 43 0 0 0 0 0 43 0 0
1379 43 0 0 0 0 0 43 0 0
1380 43 0 0 0 0 0 43 0 0
1381 43 0 0 0 0 0 43 0 0
1382 43 1 1 0 0 0 43 0 0
1383 43 0 0 0 0 0 43 0 0
1384 43 0 0 0 0 0 43 0 0
1385 43 0 0 0 0 0 43 0 0
1388 43 0 0 0 0 0 43 0 0
1389 43 0 0 0 0 0 43 0 0
1392 43 0 0 0 0 0 43 0 0
1393 43 0 0 0 0 0 0 0 0
1396 731 2 2 172 3 3 86 0 0
1559 129 0 0 0 0 0 43 0 0
1580 86 0 0 0 0 0 43 1 0
1660 4713 36 31 1635 0 0 483 0 0
1680 86 1 1 43 0 0 0 0 0
1682 43 0 0 0 0 0 43 0 0
1688 172 1 1 43 0 0 86 0 0
1692 989 1 1 215 0 0 129 0 0
1694 86 0 0 43 0 0 0 0 0
2091 86 1 1 43 0 0 0 0 0
2093 86 0 0 43 0 0 0 0 0
2095 86 0 0 43 0 0 0 0 0
2098 430 1 1 215 0 0 43 0 0
2099 129 1 1 43 0 0 0 0 0
2101 43 0 0 43 0 0 0 0 0
2102 344 0 0 301 0 0 0 0 0
fl=/build/eglibc-oGUzwX/eglibc-2.19/stdio-common/vfscanf.c
fn=_IO_vfscanf
214 4908 3 2 0 0 0 3272 0 0
218 409 0 0 0 0 0 409 0 0
219 409 0 0 0 0 0 0 0 0
220 409 0 0 0 0 0 0 0 0
223 409 0 0 0 0 0 0 0 0
225 1227 0 0 818 0 0 409 0 0
226 818 0 0 409 0 0 409 0 0
230 409 0 0 0 0 0 409 0 0
250 409 0 0 0 0 0 409 0 0
262 409 0 0 0 0 0 409 0 0
263 409 0 0 0 0 0 409 0 0
264 409 1 1 0 0 0 409 0 0
265 409 0 0 0 0 0 409 0 0
269 409 0 0 0 0 0 0 0 0
272 409 0 0 0 0 0 409 0 0
273 409 0 0 0 0 0 409 0 0
275 409 1 1 0 0 0 409 0 0
314 2454 1 1 1227 0 0 1227 0 0
320 2044 0 0 409 1 0 1 0 0
323 2045 0 0 409 0 0 0 0 0
327 818 3 1 818 0 0 0 0 0
335 818 0 0 409 1 0 409 0 0
341 409 0 0 409 0 0 0 0 0
343 1636 0 0 409 1 1 409 0 0
358 6135 3 3 2454 0 0 1227 0 0
363 409 0 0 0 0 0 409 0 0
367 3272 1 1 818 1 1 0 0 0
404 1227 0 0 0 0 0 0 0 0
429 818 0 0 0 0 0 409 0 0
430 818 0 0 0 0 0 0 0 0
456 409 1 1 409 0 0 0 0 0
469 2863 1 1 818 0 0 409 0 0
472 405 1 1 0 0 0 0 0 0
475 1636 2 2 409 0 0 0 0 0
493 3681 3 3 409 0 0 0 0 0
514 2045 0 0 0 0 0 409 0 0
521 818 0 0 0 0 0 409 0 0
524 4499 5 3 409 1 1 0 0 0
604 818 0 0 0 0 0 0 0 0
609 2454 1 1 0 0 0 0 0 0
610 2045 0 0 0 0 0 4 0 0
613 810 1 1 810 0 0 0 0 0
614 2430 0 0 810 0 0 405 0 0
620 7290 3 3 2430 0 0 813 0 0
623 3641 0 0 1618 2 2 0 0 0
624 810 0 0 0 0 0 810 0 0
625 4050 1 1 405 0 0 1215 0 0
629 3272 0 0 409 1 1 0 0 0
691 8 1 1 4 0 0 0 0 0
694 20 1 1 4 0 0 4 0 0
729 76 4 3 28 0 0 8 0 0
732 36 1 1 12 1 0 4 0 0
791 36 1 1 12 0 0 4 0 0
829 20 1 1 4 0 0 8 0 0
831 8 0 0 0 0 0 0 0 0
839 12 0 0 4 0 0 0 0 0
1003 8 0 0 0 0 0 4 0 0
1005 8 1 1 4 0 0 0 0 0
1385 405 0 0 0 0 0 0 0 0
1386 405 1 1 405 0 0 0 0 0
1394 3645 2 2 1215 0 0 405 0 0
1399 1620 0 0 0 0 0 0 0 0
1401 196 0 0 0 0 0 0 0 0
1408 1803 1 1 196 0 0 0 0 0
1411 784 1 1 196 0 0 0 0 0
1413 3920 3 3 784 0 0 588 0 0
1414 1372 0 0 588 6 6 196 0 0
1416 1568 0 0 784 2 2 0 0 0
1428 588 0 0 0 0 0 0 0 0
1431 418 0 0 0 0 0 0 0 0
1434 2430 2 2 405 0 0 0 0 0
1720 2460 0 0 0 0 0 0 0 0
1722 1230 1 1 615 0 0 0 0 0
1724 210 2 1 0 0 0 0 0 0
1727 4095 1 1 615 0 0 1215 0 0
1729 5265 1 1 2430 0 0 810 0 0
1777 5229 6 5 0 0 0 210 0 0
1779 840 0 0 0 0 0 0 0 0
1781 2100 1 1 630 6 6 210 0 0
1784 810 0 0 0 0 0 0 0 0
1785 3234 1 1 808 0 0 0 0 0
1811 4455 1 1 810 0 0 1215 0 0
1814 1620 0 0 810 0 0 405 0 0
1824 1215 0 0 405 0 0 0 0 0
1825 2430 1 1 405 0 0 405 0 0
1829 1620 0 0 810 0 0 0 0 0
1832 810 0 0 405 0 0 0 0 0
1834 810 0 0 0 0 0 0 0 0
1838 810 1 1 405 0 0 0 0 0
1840 810 1 1 405 0 0 0 0 0
1842 810 3 1 405 0 0 0 0 0
1843 1215 0 0 405 0 0 0 0 0
1857 4050 1 1 1215 0 0 810 40 40
2156 818 0 0 0 0 0 409 0 0
2374 1215 1 1 405 0 0 0 0 0
2590 818 0 0 0 0 0 409 0 0
2933 818 0 0 0 0 0 0 0 0
2943 3272 2 2 1636 0 0 0 0 0
2945 818 1 1 409 0 0 0 0 0
2948 1227 0 0 409 0 0 0 0 0
2951 818 0 0 409 0 0 0 0 0
2968 1227 0 0 818 0 0 0 0 0
2974 3272 1 1 2863 0 0 0 0 0
fl=/build/eglibc-oGUzwX/eglibc-2.19/stdlib/../stdlib/strtol.c
fn=__strtol_internal
97 1215 1 1 810 0 0 0 0 0
fl=/build/eglibc-oGUzwX/eglibc-2.19/stdlib/../stdlib/strtol_l.c
fn=____strtol_l_internal
232 3645 2 2 0 0 0 2835 2 0
246 405 0 0 405 0 0 0 0 0
252 405 0 0 0 0 0 0 0 0
258 810 0 0 0 0 0 0 0 0
279 405 0 0 0 0 0 0 0 0
280 405 0 0 0 0 0 0 0 0
289 1620 0 0 0 0 0 0 0 0
298 2430 0 0 1215 0 0 0 0 0
300 810 1 1 0 0 0 0 0 0
304 405 0 0 0 0 0 405 0 0
305 810 0 0 0 0 0 0 0 0
310 810 0 0 0 0 0 0 0 0
314 810 1 1 0 0 0 0 0 0
316 392 1 1 0 0 0 0 0 0
324 418 0 0 0 0 0 0 0 0
331 1215 0 0 0 0 0 0 0 0
334 2025 3 1 0 0 0 0 0 0
376 405 0 0 0 0 0 0 0 0
379 1215 0 0 405 1 1 0 0 0
380 1215 1 1 405 1 1 405 0 0
382 405 0 0 0 0 0 0 0 0
383 405 0 0 0 0 0 0 0 0
384 405 0 0 0 0 0 0 0 0
438 2840 1 1 406 0 0 0 0 0
440 1218 1 1 0 0 0 0 0 0
442 1218 0 0 0 0 0 0 0 0
456 810 0 0 0 0 0 405 0 0
470 1218 1 1 0 0 0 0 0 0
473 1624 0 0 0 0 0 0 0 0
478 811 0 0 0 0 0 0 0 0
479 812 0 0 0 0 0 0 0 0
484 810 0 0 0 0 0 0 0 0
489 1215 0 0 405 0 0 0 0 0
490 405 0 0 0 0 0 405 0 0
495 810 0 0 0 0 0 0 0 0
496 1215 2 2 0 0 0 0 0 0
498 1215 0 0 405 0 0 0 0 0
513 405 0 0 0 0 0 0 0 0
531 3240 0 0 2835 0 0 0 0 0
fl=/build/eglibc-oGUzwX/eglibc-2.19/stdlib/../sysdeps/ieee754/dbl-64/dbl2mpn.c
fn=__mpn_extract_double
35 4 1 1 2 0 0 2 1 0
37 6 0 0 0 0 0 2 0 0
38 10 0 0 0 0 0 2 0 0
47 6 1 1 0 0 0 2 0 0
56 6 0 0 0 0 0 0 0 0
103 6 0 0 0 0 0 2 0 0
107 4 1 1 2 0 0 0 0 0
fl=/build/eglibc-oGUzwX/eglibc-2.19/stdlib/../sysdeps/x86_64/lshift.S
fn=__mpn_lshift
29 2 2 1 0 0 0 0 0 0
30 2 0 0 0 0 0 0 0 0
32 2 0 0 0 0 0 0 0 0
33 2 0 0 0 0 0 0 0 0
34 2 0 0 0 0 0 0 0 0
46 2 1 1 0 0 0 0 0 0
47 2 0 0 0 0 0 0 0 0
48 2 0 0 2 0 0 0 0 0
49 2 0 0 0 0 0 0 0 0
50 2 0 0 0 0 0 0 0 0
51 2 0 0 0 0 0 0 0 0
52 2 0 0 0 0 0 0 0 0
58 2 0 0 0 0 0 0 0 0
59 2 0 0 0 0 0 2 0 0
60 2 0 0 2 0 0 0 0 0
fl=/build/eglibc-oGUzwX/eglibc-2.19/stdlib/../sysdeps/x86_64/mul_1.S
fn=__mpn_mul_1
32 14 1 1 0 0 0 14 0 0
35 14 0 0 0 0 0 0 0 0
36 14 0 0 14 0 0 0 0 0
37 14 0 0 0 0 0 0 0 0
38 14 0 0 0 0 0 0 0 0
39 14 0 0 0 0 0 0 0 0
41 14 0 0 0 0 0 0 0 0
42 14 0 0 0 0 0 0 0 0
44 14 0 0 0 0 0 0 0 0
45 14 0 0 0 0 0 0 0 0
46 14 0 0 0 0 0 0 0 0
47 14 0 0 0 0 0 0 0 0
48 10 0 0 0 0 0 0 0 0
50 10 0 0 0 0 0 0 0 0
51 10 0 0 0 0 0 0 0 0
52 10 0 0 0 0 0 10 0 0
53 10 0 0 0 0 0 0 0 0
79 4 1 1 0 0 0 0 0 0
80 4 0 0 0 0 0 0 0 0
81 4 0 0 0 0 0 0 0 0
82 4 0 0 0 0 0 0 0 0
83 4 0 0 0 0 0 0 0 0
84 4 0 0 0 0 0 0 0 0
85 4 0 0 4 0 0 0 0 0
86 4 0 0 0 0 0 0 0 0
87 4 0 0 0 0 0 0 0 0
113 4 1 1 0 0 0 0 0 0
114 4 0 0 0 0 0 0 0 0
115 4 0 0 0 0 0 0 0 0
117 4 0 0 0 0 0 4 1 0
118 4 0 0 0 0 0 0 0 0
119 4 0 0 0 0 0 0 0 0
120 4 0 0 0 0 0 4 0 0
121 4 0 0 0 0 0 0 0 0
122 14 0 0 0 0 0 0 0 0
124 14 0 0 14 0 0 0 0 0
127 14 0 0 14 0 0 0 0 0
fl=/build/eglibc-oGUzwX/eglibc-2.19/stdlib/../sysdeps/x86_64/rshift.S
fn=__mpn_rshift
29 4 1 1 0 0 0 0 0 0
30 4 0 0 0 0 0 0 0 0
31 4 0 0 0 0 0 0 0 0
44 4 1 1 0 0 0 0 0 0
45 4 0 0 0 0 0 0 0 0
61 4 0 0 0 0 0 0 0 0
62 4 0 0 4 0 0 0 0 0
63 4 0 0 4 0 0 0 0 0
64 4 1 1 0 0 0 0 0 0
65 4 0 0 0 0 0 0 0 0
66 4 0 0 0 0 0 0 0 0
67 4 0 0 0 0 0 0 0 0
72 4 0 0 0 0 0 0 0 0
73 4 0 0 0 0 0 4 0 0
74 4 0 0 0 0 0 0 0 0
75 4 0 0 0 0 0 4 0 0
76 4 0 0 4 0 0 0 0 0
fl=/build/eglibc-oGUzwX/eglibc-2.19/stdlib/cxa_atexit.c
fn=__cxa_atexit
35 2 0 0 0 0 0 1 0 0
37 2 0 0 0 0 0 0 0 0
41 3 1 1 1 0 0 0 0 0
43 1 0 0 0 0 0 1 0 0
44 1 0 0 0 0 0 1 0 0
45 1 0 0 0 0 0 1 0 0
47 1 0 0 0 0 0 1 0 0
48 1 0 0 0 0 0 0 0 0
57 6 1 1 0 0 0 3 0 0
59 4 0 0 4 0 0 0 0 0
fn=__new_exitfn
73 4 1 1 0 0 0 2 0 0
74 2 0 0 0 0 0 0 0 0
79 6 1 1 2 2 2 0 0 0
81 8 1 1 2 1 0 0 0 0
83 3 0 0 1 1 0 0 0 0
91 1 0 0 0 0 0 1 0 0
112 1 1 1 0 0 0 0 0 0
113 2 0 0 0 0 0 1 0 0
126 1 1 1 0 0 0 1 0 0
127 1 0 0 1 1 1 0 0 0
130 4 0 0 2 0 0 0 0 0
133 5 0 0 3 0 0 0 0 0
fl=/build/eglibc-oGUzwX/eglibc-2.19/stdlib/cxa_finalize.c
fn=__cxa_finalize
31 8 1 1 0 0 0 6 0 0
35 7 2 2 2 0 0 0 0 0
39 6 0 0 1 0 0 0 0 0
48 1 0 0 0 0 0 0 0 0
67 7 0 0 2 0 0 0 0 0
71 6 1 1 1 0 0 0 0 0
79 2 0 0 0 0 0 0 0 0
80 2 0 0 0 0 0 0 0 0
82 7 1 1 6 0 0 0 0 0
fl=/build/eglibc-oGUzwX/eglibc-2.19/stdlib/cxa_thread_atexit_impl.c
fn=__call_tls_dtors
82 3 1 1 0 0 0 3 0 0
83 5 1 1 1 0 0 1 0 0
101 4 1 1 4 0 0 0 0 0
fl=/build/eglibc-oGUzwX/eglibc-2.19/stdlib/exit.c
fn=__run_exit_handlers
35 8 1 1 0 0 0 4 0 0
40 2 0 0 1 0 0 1 0 0
46 8 0 0 2 0 0 0 0 0
50 6 1 1 0 0 0 0 0 0
52 1 0 0 0 0 0 1 0 0
53 1 0 0 0 0 0 0 0 0
54 5 0 0 1 0 0 0 0 0
78 1 1 1 1 0 0 0 0 0
80 2 0 0 1 0 0 0 0 0
82 3 0 0 1 0 0 1 0 0
83 1 0 0 0 0 0 0 0 0
87 2 0 0 1 0 0 1 0 0
88 2 0 0 0 0 0 0 0 0
94 2 1 1 0 0 0 0 0 0
95 8 0 0 1 1 0 1 0 0
97 2 0 0 0 0 0 1 0 0
fn=exit
103 1 0 0 0 0 0 0 0 0
104 3 1 1 0 0 0 1 0 0
fl=/build/eglibc-oGUzwX/eglibc-2.19/stdlib/mul.c
fn=__mpn_mul
57 26 1 1 0 0 0 16 1 0
63 4 0 0 0 0 0 0 0 0
75 4 0 0 0 0 0 0 0 0
76 2 0 0 0 0 0 0 0 0
80 2 0 0 2 1 1 0 0 0
81 4 1 1 0 0 0 0 0 0
90 6 0 0 4 0 0 2 1 0
92 6 0 0 2 0 0 2 0 0
93 2 0 0 0 0 0 0 0 0
97 4 0 0 0 0 0 0 0 0
151 16 1 1 14 0 0 0 0 0
fl=/build/eglibc-oGUzwX/eglibc-2.19/string/../bits/stdlib-bsearch.h
fn=intel_check_word
27 13 1 1 0 0 0 0 0 0
28 26 0 0 0 0 0 0 0 0
29 170 1 1 0 0 0 0 0 0
31 235 0 0 0 0 0 0 0 0
32 87 1 1 0 0 0 0 0 0
37 23 0 0 0 0 0 0 0 0
fl=/build/eglibc-oGUzwX/eglibc-2.19/string/../string/memcmp.c
fn=bcmp
105 10 0 0 10 0 0 0 0 0
106 20 0 0 10 0 0 0 0 0
110 22 1 1 0 0 0 0 0 0
111 6 1 1 0 0 0 0 0 0
129 21 1 1 0 0 0 0 0 0
133 3 1 1 3 2 2 0 0 0
134 3 0 0 3 0 0 0 0 0
135 3 0 0 0 0 0 0 0 0
136 3 0 0 0 0 0 0 0 0
137 3 1 1 0 0 0 0 0 0
183 3 0 0 3 0 0 0 0 0
184 3 0 0 3 0 0 0 0 0
185 18 0 0 0 0 0 4 1 1
192 2 1 1 0 0 0 0 0 0
197 2 1 1 0 0 0 0 0 0
221 1 0 0 0 0 0 0 0 0
222 2 0 0 0 0 0 0 0 0
226 2 0 0 0 0 0 0 0 0
228 7 1 1 0 0 0 0 0 0
232 1 0 0 1 0 0 0 0 0
233 1 0 0 1 0 0 0 0 0
234 1 0 0 1 0 0 0 0 0
235 1 0 0 0 0 0 0 0 0
236 1 0 0 0 0 0 0 0 0
237 1 0 0 0 0 0 0 0 0
289 1 0 0 1 0 0 0 0 0
290 1 0 0 1 0 0 0 0 0
291 6 0 0 0 0 0 0 0 0
292 2 0 0 0 0 0 0 0 0
299 2 0 0 0 0 0 0 0 0
304 6 1 1 0 0 0 0 0 0
305 2 0 0 0 0 0 0 0 0
315 91 2 2 0 0 0 78 1 1
318 13 0 0 0 0 0 0 0 0
319 13 0 0 0 0 0 0 0 0
322 26 0 0 0 0 0 0 0 0
326 12 0 0 0 0 0 0 0 0
342 12 1 1 0 0 0 0 0 0
343 8 0 0 0 0 0 0 0 0
346 4 0 0 0 0 0 0 0 0
350 6 0 0 0 0 0 0 0 0
351 2 0 0 0 0 0 0 0 0
352 2 0 0 0 0 0 0 0 0
356 162 1 1 0 0 0 0 0 0
358 72 0 0 72 1 1 0 0 0
359 72 0 0 72 6 6 0 0 0
360 72 0 0 0 0 0 0 0 0
363 233 0 0 0 0 0 0 0 0
368 9 1 1 0 0 0 0 0 0
369 104 0 0 91 0 0 0 0 0
fl=/build/eglibc-oGUzwX/eglibc-2.19/string/../sysdeps/x86_64/memcpy.S
fn=__GI_mempcpy
61 128 1 1 0 0 0 0 0 0
65 128 0 0 0 0 0 0 0 0
68 128 0 0 0 0 0 0 0 0
69 128 0 0 0 0 0 0 0 0
71 105 0 0 105 0 0 0 0 0
72 105 0 0 0 0 0 105 1 1
74 105 0 0 0 0 0 0 0 0
75 105 0 0 0 0 0 0 0 0
80 128 0 0 0 0 0 0 0 0
81 128 0 0 0 0 0 0 0 0
83 23 0 0 23 0 0 0 0 0
84 23 0 0 0 0 0 23 0 0
86 23 0 0 0 0 0 0 0 0
87 23 0 0 0 0 0 0 0 0
92 128 0 0 0 0 0 0 0 0
93 128 0 0 0 0 0 0 0 0
104 128 0 0 0 0 0 0 0 0
105 128 0 0 0 0 0 0 0 0
116 128 1 1 0 0 0 0 0 0
117 128 0 0 0 0 0 0 0 0
138 128 0 0 0 0 0 0 0 0
142 128 0 0 128 0 0 0 0 0
fn=mempcpy
61 55 1 1 0 0 0 0 0 0
65 55 0 0 0 0 0 0 0 0
68 54 0 0 0 0 0 0 0 0
69 54 0 0 0 0 0 0 0 0
71 15 0 0 15 1 1 0 0 0
72 15 0 0 0 0 0 15 1 1
74 15 1 1 0 0 0 0 0 0
75 15 0 0 0 0 0 0 0 0
80 54 0 0 0 0 0 0 0 0
81 54 0 0 0 0 0 0 0 0
83 38 0 0 38 0 0 0 0 0
84 38 0 0 0 0 0 38 0 0
86 38 0 0 0 0 0 0 0 0
87 38 0 0 0 0 0 0 0 0
92 54 0 0 0 0 0 0 0 0
93 54 0 0 0 0 0 0 0 0
95 17 0 0 17 0 0 0 0 0
96 17 0 0 0 0 0 17 0 0
98 17 0 0 0 0 0 0 0 0
99 17 0 0 0 0 0 0 0 0
104 54 0 0 0 0 0 0 0 0
105 54 0 0 0 0 0 0 0 0
107 31 0 0 31 0 0 0 0 0
108 31 0 0 0 0 0 31 1 1
110 31 0 0 0 0 0 0 0 0
111 62 0 0 0 0 0 0 0 0
116 54 1 1 0 0 0 0 0 0
117 58 0 0 0 0 0 0 0 0
122 4 0 0 4 1 0 0 0 0
123 4 0 0 4 0 0 0 0 0
124 4 0 0 0 0 0 4 1 1
125 4 0 0 0 0 0 4 0 0
127 4 0 0 0 0 0 0 0 0
129 4 0 0 0 0 0 0 0 0
130 4 0 0 0 0 0 0 0 0
132 4 0 0 0 0 0 0 0 0
138 54 0 0 0 0 0 0 0 0
142 54 0 0 54 0 0 0 0 0
154 6 0 0 0 0 0 0 0 0
156 6 0 0 0 0 0 0 0 0
157 6 0 0 0 0 0 0 0 0
183 6 1 1 0 0 0 0 0 0
184 6 0 0 0 0 0 0 0 0
187 6 0 0 0 0 0 0 0 0
188 6 0 0 0 0 0 0 0 0
189 6 0 0 0 0 0 0 0 0
194 6 0 0 0 0 0 0 0 0
196 6 0 0 6 0 0 0 0 0
197 6 0 0 6 0 0 0 0 0
198 6 0 0 6 0 0 0 0 0
199 6 1 1 6 0 0 0 0 0
201 6 0 0 0 0 0 6 1 1
202 6 0 0 0 0 0 6 1 1
203 6 0 0 0 0 0 6 0 0
204 6 0 0 0 0 0 6 1 1
206 6 0 0 0 0 0 0 0 0
207 6 0 0 0 0 0 0 0 0
209 6 0 0 0 0 0 0 0 0
231 6 1 1 0 0 0 0 0 0
233 6 0 0 0 0 0 0 0 0
235 1 0 0 0 0 0 0 0 0
242 1 0 0 1 0 0 0 0 0
fl=/build/eglibc-oGUzwX/eglibc-2.19/string/../sysdeps/x86_64/multiarch/../cacheinfo.c
fn=handle_intel
305 16 0 0 0 0 0 12 0 0
306 4 1 1 0 0 0 0 0 0
317 6 1 1 0 0 0 2 0 0
319 2 0 0 0 0 0 2 0 0
320 4 0 0 0 0 0 2 0 0
322 2 0 0 0 0 0 0 0 0
328 8 2 2 0 0 0 2 0 0
333 4 0 0 0 0 0 0 0 0
335 6 0 0 0 0 0 2 0 0
336 2 0 0 0 0 0 0 0 0
340 10 0 0 0 0 0 2 0 0
341 4 0 0 0 0 0 0 0 0
344 10 0 0 0 0 0 2 0 0
345 4 0 0 0 0 0 0 0 0
348 5 0 0 0 0 0 1 0 0
349 2 0 0 0 0 0 0 0 0
352 5 0 0 1 0 0 1 0 0
353 2 0 0 0 0 0 0 0 0
362 16 1 1 14 0 0 0 0 0
fn=init_cacheinfo
550 3 1 1 0 0 0 3 0 0
563 3 0 0 1 0 0 0 0 0
570 2 0 0 0 0 0 0 0 0
572 4 0 0 1 0 0 1 0 0
575 1 0 0 0 0 0 0 0 0
576 4 1 1 1 0 0 1 0 0
578 2 0 0 0 0 0 0 0 0
589 1 0 0 1 0 0 0 0 0
607 4 0 0 1 0 0 0 0 0
614 17 1 1 0 0 0 0 0 0
620 8 0 0 0 0 0 0 0 0
623 20 0 0 0 0 0 0 0 0
625 2 1 1 0 0 0 0 0 0
631 5 0 0 0 0 0 0 0 0
638 9 1 1 0 0 0 0 0 0
640 2 0 0 0 0 0 0 0 0
642 8 0 0 0 0 0 0 0 0
644 4 0 0 0 0 0 0 0 0
649 1 1 1 0 0 0 0 0 0
651 4 0 0 0 0 0 0 0 0
652 2 0 0 0 0 0 0 0 0
653 1 0 0 0 0 0 0 0 0
657 2 0 0 0 0 0 0 0 0
669 4 0 0 0 0 0 0 0 0
670 5 1 1 0 0 0 0 0 0
744 2 0 0 0 0 0 0 0 0
746 3 1 1 0 0 0 1 0 0
747 1 0 0 0 0 0 1 1 1
749 1 0 0 0 0 0 0 0 0
750 3 0 0 0 0 0 1 0 0
751 1 0 0 0 0 0 1 0 0
754 2 0 0 0 0 0 0 0 0
756 3 0 0 0 0 0 1 0 0
757 1 0 0 0 0 0 1 1 1
759 1 0 0 0 0 0 0 0 0
760 3 0 0 0 0 0 1 0 0
761 1 0 0 0 0 0 1 0 0
763 4 0 0 4 0 0 0 0 0
fn=intel_check_word
150 174 0 0 87 8 8 0 0 0
153 84 0 0 0 0 0 0 0 0
161 24 0 0 0 0 0 18 0 0
162 12 1 1 0 0 0 0 0 0
164 4 0 0 0 0 0 0 0 0
168 42 0 0 0 0 0 0 0 0
170 44 0 0 0 0 0 0 0 0
172 13 1 1 0 0 0 0 0 0
174 26 0 0 0 0 0 0 0 0
182 26 0 0 0 0 0 0 0 0
235 26 0 0 0 0 0 0 0 0
275 12 0 0 3 0 0 0 0 0
277 2 1 1 0 0 0 0 0 0
279 4 0 0 0 0 0 0 0 0
281 2 0 0 2 0 0 0 0 0
289 2 0 0 0 0 0 0 0 0
295 11 0 0 0 0 0 0 0 0
300 24 1 1 24 0 0 0 0 0
fl=/build/eglibc-oGUzwX/eglibc-2.19/string/../sysdeps/x86_64/multiarch/../memcpy.S
fn=memcpy
61 17 1 1 0 0 0 0 0 0
63 17 0 0 0 0 0 0 0 0
65 17 0 0 0 0 0 0 0 0
68 16 0 0 0 0 0 0 0 0
69 16 0 0 0 0 0 0 0 0
71 7 0 0 7 0 0 0 0 0
72 7 0 0 0 0 0 7 2 2
74 7 0 0 0 0 0 0 0 0
75 7 0 0 0 0 0 0 0 0
80 16 0 0 0 0 0 0 0 0
81 16 0 0 0 0 0 0 0 0
83 3 0 0 3 0 0 0 0 0
84 3 0 0 0 0 0 3 1 1
86 3 0 0 0 0 0 0 0 0
87 6 0 0 0 0 0 0 0 0
92 16 1 1 0 0 0 0 0 0
93 16 0 0 0 0 0 0 0 0
95 4 0 0 4 0 0 0 0 0
96 4 0 0 0 0 0 4 1 1
98 4 0 0 0 0 0 0 0 0
99 4 0 0 0 0 0 0 0 0
104 16 0 0 0 0 0 0 0 0
105 16 0 0 0 0 0 0 0 0
107 9 0 0 9 0 0 0 0 0
108 9 0 0 0 0 0 9 0 0
110 9 0 0 0 0 0 0 0 0
111 9 0 0 0 0 0 0 0 0
116 16 0 0 0 0 0 0 0 0
117 23 0 0 0 0 0 0 0 0
122 7 0 0 7 0 0 0 0 0
123 7 0 0 7 0 0 0 0 0
124 7 0 0 0 0 0 7 0 0
125 7 0 0 0 0 0 7 1 1
127 7 0 0 0 0 0 0 0 0
129 7 0 0 0 0 0 0 0 0
130 7 0 0 0 0 0 0 0 0
132 7 0 0 0 0 0 0 0 0
140 16 1 1 16 0 0 0 0 0
148 8 0 0 0 0 0 8 0 0
154 8 0 0 0 0 0 0 0 0
156 8 0 0 0 0 0 0 0 0
157 8 0 0 0 0 0 0 0 0
160 5 0 0 0 0 0 0 0 0
161 10 0 0 0 0 0 0 0 0
166 22 1 1 22 0 0 0 0 0
167 22 0 0 0 0 0 22 1 1
169 22 0 0 0 0 0 0 0 0
171 22 0 0 0 0 0 0 0 0
172 22 0 0 0 0 0 0 0 0
174 27 0 0 0 0 0 0 0 0
183 8 0 0 0 0 0 0 0 0
184 8 0 0 0 0 0 0 0 0
187 8 0 0 0 0 0 0 0 0
188 8 0 0 0 0 0 0 0 0
189 8 0 0 0 0 0 0 0 0
194 8 0 0 0 0 0 0 0 0
196 8 0 0 8 0 0 0 0 0
197 8 0 0 8 0 0 0 0 0
198 8 0 0 8 0 0 0 0 0
199 8 1 1 8 0 0 0 0 0
201 8 0 0 0 0 0 8 1 1
202 8 0 0 0 0 0 8 0 0
203 8 0 0 0 0 0 8 0 0
204 8 0 0 0 0 0 8 0 0
206 8 0 0 0 0 0 0 0 0
207 8 0 0 0 0 0 0 0 0
209 8 0 0 0 0 0 0 0 0
211 1 0 0 0 0 0 0 0 0
213 1 0 0 1 0 0 0 0 0
214 1 0 0 1 0 0 0 0 0
215 1 0 0 1 0 0 0 0 0
216 1 0 0 1 0 0 0 0 0
218 1 0 0 0 0 0 1 0 0
219 1 0 0 0 0 0 1 0 0
220 1 0 0 0 0 0 1 0 0
221 1 0 0 0 0 0 1 0 0
223 1 0 0 0 0 0 0 0 0
224 1 1 1 0 0 0 0 0 0
226 1 0 0 0 0 0 0 0 0
231 8 0 0 0 0 0 0 0 0
237 8 0 0 8 0 0 0 0 0
238 8 0 0 0 0 0 0 0 0
240 1 0 0 1 0 0 0 0 0
fl=/build/eglibc-oGUzwX/eglibc-2.19/string/../sysdeps/x86_64/multiarch/../rtld-strlen.S
fn=strlen
26 21 1 1 0 0 0 0 0 0
27 21 0 0 0 0 0 0 0 0
28 21 0 0 0 0 0 0 0 0
29 21 0 0 0 0 0 0 0 0
31 10 0 0 0 0 0 0 0 0
32 10 0 0 0 0 0 0 0 0
34 51 0 0 51 0 0 0 0 0
35 51 0 0 0 0 0 0 0 0
36 50 0 0 0 0 0 0 0 0
37 50 0 0 0 0 0 0 0 0
38 50 0 0 0 0 0 0 0 0
40 40 0 0 0 0 0 0 0 0
45 31 1 1 31 1 1 0 0 0
46 31 0 0 0 0 0 0 0 0
47 31 0 0 0 0 0 0 0 0
48 31 0 0 0 0 0 0 0 0
51 31 0 0 0 0 0 0 0 0
52 28 0 0 0 0 0 0 0 0
53 28 0 0 0 0 0 0 0 0
54 28 0 0 0 0 0 0 0 0
56 28 0 0 0 0 0 0 0 0
59 25 0 0 25 0 0 0 0 0
60 25 0 0 0 0 0 0 0 0
61 25 0 0 0 0 0 0 0 0
62 25 0 0 0 0 0 0 0 0
65 25 0 0 0 0 0 0 0 0
66 19 0 0 0 0 0 0 0 0
67 19 0 0 0 0 0 0 0 0
68 19 0 0 0 0 0 0 0 0
70 19 0 0 0 0 0 0 0 0
73 15 0 0 15 0 0 0 0 0
74 15 0 0 0 0 0 0 0 0
75 15 0 0 0 0 0 0 0 0
76 15 0 0 0 0 0 0 0 0
79 15 0 0 0 0 0 0 0 0
80 14 0 0 0 0 0 0 0 0
81 14 0 0 0 0 0 0 0 0
82 14 0 0 0 0 0 0 0 0
84 14 0 0 0 0 0 0 0 0
87 14 0 0 14 0 0 0 0 0
88 14 0 0 0 0 0 0 0 0
89 14 0 0 0 0 0 0 0 0
90 14 0 0 0 0 0 0 0 0
93 14 0 0 0 0 0 0 0 0
94 13 0 0 0 0 0 0 0 0
95 13 0 0 0 0 0 0 0 0
96 13 0 0 0 0 0 0 0 0
98 15 0 0 0 0 0 0 0 0
101 20 1 1 0 0 0 0 0 0
103 20 0 0 0 0 0 0 0 0
104 20 0 0 0 0 0 0 0 0
105 15 0 0 0 0 0 0 0 0
107 15 0 0 0 0 0 0 0 0
108 15 0 0 0 0 0 0 0 0
109 15 1 1 0 0 0 0 0 0
111 15 0 0 0 0 0 0 0 0
112 15 0 0 0 0 0 0 0 0
113 12 0 0 0 0 0 0 0 0
115 12 0 0 0 0 0 0 0 0
116 12 0 0 0 0 0 0 0 0
117 11 0 0 0 0 0 0 0 0
119 11 0 0 0 0 0 0 0 0
121 11 0 0 0 0 0 0 0 0
122 11 0 0 0 0 0 0 0 0
123 9 0 0 0 0 0 0 0 0
125 9 0 0 0 0 0 0 0 0
126 9 0 0 0 0 0 0 0 0
127 9 0 0 0 0 0 0 0 0
129 9 0 0 0 0 0 0 0 0
130 9 0 0 0 0 0 0 0 0
131 6 0 0 0 0 0 0 0 0
133 21 0 0 0 0 0 0 0 0
134 21 0 0 21 0 0 0 0 0
fl=/build/eglibc-oGUzwX/eglibc-2.19/string/../sysdeps/x86_64/multiarch/../strchr.S
fn=index
24 11 1 1 0 0 0 0 0 0
25 11 0 0 0 0 0 0 0 0
26 11 0 0 0 0 0 0 0 0
27 11 0 0 0 0 0 0 0 0
28 11 0 0 0 0 0 0 0 0
29 11 0 0 0 0 0 0 0 0
30 11 0 0 0 0 0 0 0 0
31 11 0 0 0 0 0 0 0 0
32 11 0 0 11 2 2 0 0 0
33 11 0 0 0 0 0 0 0 0
34 11 0 0 0 0 0 0 0 0
35 11 0 0 0 0 0 0 0 0
36 11 0 0 0 0 0 0 0 0
37 11 0 0 0 0 0 0 0 0
38 11 0 0 0 0 0 0 0 0
39 11 1 1 0 0 0 0 0 0
40 11 0 0 0 0 0 0 0 0
41 6 0 0 0 0 0 0 0 0
45 6 0 0 0 0 0 0 0 0
46 6 0 0 0 0 0 0 0 0
47 6 0 0 6 0 0 0 0 0
48 6 0 0 0 0 0 0 0 0
50 6 0 0 6 0 0 0 0 0
54 5 0 0 5 0 0 0 0 0
55 5 0 0 0 0 0 0 0 0
56 5 0 0 0 0 0 0 0 0
57 5 0 0 0 0 0 0 0 0
58 5 0 0 0 0 0 0 0 0
59 5 0 0 0 0 0 0 0 0
60 5 0 0 5 0 0 0 0 0
61 5 0 0 0 0 0 0 0 0
62 5 0 0 0 0 0 0 0 0
63 5 1 1 0 0 0 0 0 0
64 5 0 0 0 0 0 0 0 0
65 5 0 0 0 0 0 0 0 0
66 5 0 0 0 0 0 0 0 0
67 5 0 0 5 1 1 0 0 0
68 5 0 0 0 0 0 0 0 0
69 5 0 0 0 0 0 0 0 0
70 5 0 0 0 0 0 0 0 0
71 5 0 0 0 0 0 0 0 0
72 5 0 0 0 0 0 0 0 0
73 5 0 0 0 0 0 0 0 0
74 5 0 0 0 0 0 0 0 0
75 5 0 0 0 0 0 0 0 0
76 5 0 0 0 0 0 0 0 0
77 6 0 0 0 0 0 0 0 0
82 1 1 1 0 0 0 0 0 0
83 1 0 0 0 0 0 0 0 0
86 2 0 0 0 0 0 0 0 0
87 2 0 0 2 0 0 0 0 0
88 2 0 0 2 0 0 0 0 0
89 2 0 0 2 0 0 0 0 0
90 2 0 0 0 0 0 0 0 0
91 2 0 0 2 0 0 0 0 0
92 2 0 0 0 0 0 0 0 0
93 2 0 0 0 0 0 0 0 0
94 2 0 0 2 0 0 0 0 0
95 2 0 0 0 0 0 0 0 0
96 2 0 0 2 0 0 0 0 0
97 2 0 0 2 0 0 0 0 0
98 2 1 1 0 0 0 0 0 0
99 2 0 0 2 0 0 0 0 0
100 2 0 0 0 0 0 0 0 0
101 2 0 0 0 0 0 0 0 0
102 2 0 0 0 0 0 0 0 0
103 2 0 0 0 0 0 0 0 0
105 2 0 0 0 0 0 0 0 0
106 2 0 0 0 0 0 0 0 0
108 1 0 0 1 0 0 0 0 0
109 1 0 0 0 0 0 0 0 0
110 1 0 0 0 0 0 0 0 0
111 1 0 0 0 0 0 0 0 0
112 1 0 0 0 0 0 0 0 0
113 1 0 0 0 0 0 0 0 0
114 1 0 0 0 0 0 0 0 0
115 1 0 0 0 0 0 0 0 0
117 1 0 0 0 0 0 0 0 0
118 1 1 1 0 0 0 0 0 0
119 1 0 0 0 0 0 0 0 0
120 1 0 0 0 0 0 0 0 0
121 1 0 0 0 0 0 0 0 0
122 1 0 0 0 0 0 0 0 0
123 1 0 0 0 0 0 0 0 0
124 1 0 0 0 0 0 0 0 0
125 1 0 0 0 0 0 0 0 0
126 1 0 0 0 0 0 0 0 0
129 5 1 0 0 0 0 0 0 0
133 5 0 0 0 0 0 0 0 0
134 5 0 0 0 0 0 0 0 0
135 5 0 0 5 0 0 0 0 0
136 5 0 0 0 0 0 0 0 0
138 5 0 0 5 0 0 0 0 0
fl=/build/eglibc-oGUzwX/eglibc-2.19/string/../sysdeps/x86_64/multiarch/../strcmp.S
fn=strcmp
131 1450 1 1 1450 24 16 0 0 0
132 1450 0 0 1450 12 4 0 0 0
133 1450 0 0 0 0 0 0 0 0
134 1364 0 0 0 0 0 0 0 0
135 1364 0 0 0 0 0 0 0 0
136 1364 0 0 0 0 0 0 0 0
137 1364 0 0 0 0 0 0 0 0
139 112 0 0 0 0 0 0 0 0
140 112 0 0 112 0 0 0 0 0
142 86 0 0 0 0 0 0 0 0
143 86 0 0 0 0 0 0 0 0
144 86 0 0 0 0 0 0 0 0
145 86 0 0 86 0 0 0 0 0
fl=/build/eglibc-oGUzwX/eglibc-2.19/string/../sysdeps/x86_64/multiarch/memmove.c
fn=memcpy@GLIBC_2.2.5
49 1 1 1 0 0 0 0 0 0
fl=/build/eglibc-oGUzwX/eglibc-2.19/string/../sysdeps/x86_64/multiarch/strcmp.S
fn=strcasecmp
114 1 1 1 1 1 1 0 0 0
115 1 0 0 0 0 0 0 0 0
116 1 0 0 0 0 0 1 0 0
119 1 0 0 0 0 0 0 0 0
120 1 0 0 1 0 0 0 0 0
121 1 0 0 0 0 0 0 0 0
123 1 0 0 1 0 0 0 0 0
124 1 0 0 0 0 0 0 0 0
128 1 1 1 0 0 0 0 0 0
129 1 0 0 1 0 0 0 0 0
130 1 0 0 0 0 0 0 0 0
132 1 0 0 1 0 0 0 0 0
fn=strncasecmp
140 1 1 1 1 0 0 0 0 0
141 1 0 0 0 0 0 0 0 0
145 1 0 0 0 0 0 0 0 0
146 1 0 0 1 0 0 0 0 0
147 1 0 0 0 0 0 0 0 0
149 1 0 0 1 0 0 0 0 0
150 1 0 0 0 0 0 0 0 0
154 1 1 1 0 0 0 0 0 0
155 1 0 0 1 0 0 0 0 0
156 1 0 0 0 0 0 0 0 0
158 1 0 0 1 0 0 0 0 0
fl=/build/eglibc-oGUzwX/eglibc-2.19/string/../sysdeps/x86_64/rtld-memset.S
fn=memset
30 13 1 0 0 0 0 0 0 0
31 13 0 0 0 0 0 0 0 0
32 13 0 0 0 0 0 0 0 0
33 2161 0 0 0 0 0 2148 34 34
34 13 0 0 0 0 0 0 0 0
35 13 0 0 13 0 0 0 0 0
fl=/build/eglibc-oGUzwX/eglibc-2.19/string/../sysdeps/x86_64/strchr.S
fn=strchrnul
24 86 1 1 0 0 0 0 0 0
25 86 0 0 0 0 0 0 0 0
26 86 0 0 0 0 0 0 0 0
27 86 0 0 0 0 0 0 0 0
28 86 1 1 0 0 0 0 0 0
29 86 0 0 0 0 0 0 0 0
30 86 0 0 0 0 0 0 0 0
31 86 0 0 0 0 0 0 0 0
32 86 0 0 86 0 0 0 0 0
33 86 0 0 0 0 0 0 0 0
34 86 0 0 0 0 0 0 0 0
35 86 0 0 0 0 0 0 0 0
36 86 0 0 0 0 0 0 0 0
37 86 0 0 0 0 0 0 0 0
38 86 0 0 0 0 0 0 0 0
39 86 0 0 0 0 0 0 0 0
40 86 0 0 0 0 0 0 0 0
41 83 0 0 0 0 0 0 0 0
43 83 0 0 0 0 0 0 0 0
50 83 0 0 83 0 0 0 0 0
54 3 2 1 3 0 0 0 0 0
55 3 0 0 0 0 0 0 0 0
56 3 0 0 0 0 0 0 0 0
57 3 0 0 0 0 0 0 0 0
58 3 0 0 0 0 0 0 0 0
59 3 0 0 0 0 0 0 0 0
60 3 0 0 3 2 2 0 0 0
61 3 0 0 0 0 0 0 0 0
62 3 0 0 0 0 0 0 0 0
63 3 0 0 0 0 0 0 0 0
64 3 0 0 0 0 0 0 0 0
65 3 0 0 0 0 0 0 0 0
66 3 0 0 0 0 0 0 0 0
67 3 0 0 3 0 0 0 0 0
68 3 0 0 0 0 0 0 0 0
69 3 1 1 0 0 0 0 0 0
70 3 0 0 0 0 0 0 0 0
71 3 0 0 0 0 0 0 0 0
72 3 0 0 0 0 0 0 0 0
73 3 0 0 0 0 0 0 0 0
74 3 0 0 0 0 0 0 0 0
75 3 0 0 0 0 0 0 0 0
76 3 0 0 0 0 0 0 0 0
77 3 0 0 0 0 0 0 0 0
129 3 1 1 0 0 0 0 0 0
131 3 0 0 0 0 0 0 0 0
138 3 0 0 3 0 0 0 0 0
fl=/build/eglibc-oGUzwX/eglibc-2.19/string/../sysdeps/x86_64/strlen.S
fn=strlen
66 4 1 1 0 0 0 0 0 0
67 4 0 0 0 0 0 0 0 0
68 4 0 0 0 0 0 0 0 0
69 4 1 1 0 0 0 0 0 0
70 4 0 0 0 0 0 0 0 0
71 4 0 0 0 0 0 0 0 0
72 4 0 0 0 0 0 0 0 0
74 4 0 0 0 0 0 0 0 0
76 4 0 0 0 0 0 0 0 0
106 4 0 0 4 1 1 0 0 0
107 4 0 0 0 0 0 0 0 0
108 4 0 0 0 0 0 0 0 0
109 4 0 0 0 0 0 0 0 0
110 4 0 0 0 0 0 0 0 0
111 2 0 0 0 0 0 0 0 0
112 2 0 0 2 0 0 0 0 0
116 2 0 0 0 0 0 0 0 0
117 2 0 0 2 0 0 0 0 0
118 2 2 1 2 0 0 0 0 0
119 2 0 0 2 0 0 0 0 0
120 2 0 0 0 0 0 0 0 0
121 2 0 0 0 0 0 0 0 0
122 2 0 0 0 0 0 0 0 0
123 2 0 0 0 0 0 0 0 0
124 2 0 0 0 0 0 0 0 0
125 2 0 0 0 0 0 0 0 0
126 2 0 0 0 0 0 0 0 0
127 2 0 0 0 0 0 0 0 0
132 16 0 0 2 0 0 0 0 0
fl=/build/eglibc-oGUzwX/eglibc-2.19/string/../sysdeps/x86_64/strrchr.S
fn=rindex
24 1 1 1 0 0 0 0 0 0
25 1 0 0 0 0 0 0 0 0
26 1 0 0 0 0 0 0 0 0
27 1 0 0 0 0 0 0 0 0
28 1 1 1 0 0 0 0 0 0
29 1 0 0 0 0 0 0 0 0
30 1 0 0 0 0 0 0 0 0
31 1 0 0 0 0 0 0 0 0
32 1 0 0 1 1 0 0 0 0
33 1 0 0 0 0 0 0 0 0
34 1 0 0 0 0 0 0 0 0
35 1 0 0 0 0 0 0 0 0
36 1 0 0 0 0 0 0 0 0
37 1 0 0 0 0 0 0 0 0
38 1 0 0 0 0 0 0 0 0
39 1 0 0 0 0 0 0 0 0
40 1 0 0 0 0 0 0 0 0
41 1 0 0 0 0 0 0 0 0
42 1 0 0 0 0 0 0 0 0
43 1 0 0 0 0 0 0 0 0
44 1 1 1 0 0 0 0 0 0
45 1 0 0 0 0 0 0 0 0
46 1 0 0 0 0 0 0 0 0
47 1 0 0 1 0 0 0 0 0
fl=/build/eglibc-oGUzwX/eglibc-2.19/time/../sysdeps/generic/dl-hash.h
fn=gettimeofday
43 2 0 0 0 0 0 0 0 0
44 2 0 0 0 0 0 0 0 0
45 26 0 0 8 0 0 0 0 0
48 24 0 0 0 0 0 0 0 0
49 16 0 0 0 0 0 0 0 0
62 16 0 0 0 0 0 0 0 0
67 2 0 0 0 0 0 0 0 0
fn=time
43 1 0 0 0 0 0 0 0 0
44 1 1 1 0 0 0 0 0 0
45 13 1 1 4 1 1 0 0 0
48 12 0 0 0 0 0 0 0 0
49 8 0 0 0 0 0 0 0 0
62 8 0 0 0 0 0 0 0 0
67 1 0 0 0 0 0 0 0 0
fl=/build/eglibc-oGUzwX/eglibc-2.19/time/../sysdeps/unix/sysv/linux/x86_64/gettimeofday.c
fn=gettimeofday
30 2 0 0 0 0 0 0 0 0
31 14 2 2 0 0 0 8 0 0
34 6 2 1 0 0 0 2 0 0
35 6 0 0 0 0 0 0 0 0
36 6 0 0 2 0 0 0 0 0
fl=/build/eglibc-oGUzwX/eglibc-2.19/time/../sysdeps/unix/sysv/linux/x86_64/time.c
fn=time
36 1 0 0 0 0 0 0 0 0
37 7 1 1 0 0 0 4 0 0
40 6 0 0 0 0 0 1 0 0
41 3 0 0 1 0 0 0 0 0
fl=???
fn=???
0 694 28 17 582 3 1 33 1 1
fn=__libc_csu_init
0 34 2 2 8 1 0 8 0 0
fn=_dl_debug_initialize
0 4 2 1 3 0 0 0 0 0
fn=add
0 384 3 3 141 0 0 81 2 2
fn=bfs
0 6880 5 5 3054 0 0 126 0 0
fn=delete
0 370 1 1 164 0 0 61 0 0
fn=dfs
0 6880 4 4 3054 0 0 126 0 0
fn=main
0 8783 8 8 3589 0 0 514 2 2
fn=memcpy@GLIBC_2.2.5
0 12 1 1 4 0 0 0 0 0
fn=now
0 80 3 1 28 1 1 16 0 0
fn=pop
0 289 0 0 123 0 0 61 0 0
fn=push
0 320 2 2 120 0 0 80 2 2
summary: 416364 1122 1062 111390 1314 1118 56951 568 518
