desc: I1 cache:         32768 B, 64 B, 4-way associative
desc: D1 cache:         32768 B, 64 B, 8-way associative
desc: LL cache:         3145728 B, 64 B, 12-way associative
cmd: ./op_serial
events: Ir I1mr ILmr Dr D1mr DLmr Dw D1mw DLmw 
fl=/build/eglibc-oGUzwX/eglibc-2.19/csu/../csu/init-first.c
fn=_init
52 8 1 1 0 0 0 4 0 0
58 4 1 1 1 0 0 1 1 1
65 5 1 1 4 0 0 0 0 0
70 1 0 0 0 0 0 1 1 1
71 1 0 0 0 0 0 1 0 0
72 2 0 0 1 0 0 1 1 1
86 4 0 0 0 0 0 1 0 0
94 1 0 0 0 0 0 1 0 0
99 6 0 0 5 0 0 0 0 0
fl=/build/eglibc-oGUzwX/eglibc-2.19/csu/../sysdeps/generic/dl-hash.h
fn=_init
43 1 0 0 0 0 0 0 0 0
44 1 0 0 0 0 0 0 0 0
45 13 0 0 4 0 0 0 0 0
48 12 0 0 0 0 0 0 0 0
49 8 0 0 0 0 0 0 0 0
62 8 0 0 0 0 0 0 0 0
67 1 1 1 0 0 0 0 0 0
fl=/build/eglibc-oGUzwX/eglibc-2.19/csu/../sysdeps/unix/sysv/linux/x86_64/init-first.c
fn=_init
38 7 1 1 0 0 0 4 0 0
40 4 0 0 0 0 0 1 0 0
41 2 0 0 0 0 0 0 0 0
42 2 1 1 0 0 0 0 0 0
43 2 1 1 1 0 0 0 0 0
44 1 0 0 0 0 0 1 1 0
46 3 0 0 0 0 0 1 0 0
50 3 0 0 0 0 0 0 0 0
51 2 0 0 1 0 0 0 0 0
52 1 0 0 0 0 0 1 0 0
fl=/build/eglibc-oGUzwX/eglibc-2.19/csu/../sysdeps/x86_64/multiarch/init-arch.c
fn=__init_cpu_features
31 7 1 1 0 0 0 4 0 0
37 3 0 0 0 0 0 0 0 0
38 3 0 0 0 0 0 0 0 0
39 2 0 0 0 0 0 0 0 0
45 1 0 0 0 0 0 1 0 0
54 3 1 1 0 0 0 1 0 0
57 6 0 0 0 0 0 0 0 0
59 2 0 0 0 0 0 0 0 0
65 3 0 0 0 0 0 0 0 0
66 2 1 1 0 0 0 0 0 0
71 2 0 0 0 0 0 0 0 0
74 8 1 1 0 0 0 0 0 0
123 1 1 1 1 1 1 0 0 0
127 1 1 1 0 0 0 0 0 0
152 2 1 1 1 0 0 0 0 0
153 7 0 0 0 0 0 4 0 0
160 3 0 0 1 0 0 0 0 0
184 6 2 2 0 0 0 0 0 0
185 5 0 0 0 0 0 0 0 0
186 2 0 0 0 0 0 0 0 0
189 1 0 0 0 0 0 1 0 0
190 1 0 0 0 0 0 1 0 0
192 1 0 0 0 0 0 1 0 0
193 2 0 0 2 0 0 0 0 0
fl=/build/eglibc-oGUzwX/eglibc-2.19/csu/libc-start.c
fn=(below main)
133 10 1 1 0 0 0 8 0 0
137 7 2 2 1 0 0 1 0 0
219 2 0 0 0 0 0 0 0 0
220 4 0 0 0 0 0 1 0 0
242 6 0 0 2 0 0 0 0 0
245 2 0 0 0 0 0 0 0 0
246 5 1 1 4 0 0 1 0 0
250 4 0 0 2 0 0 0 0 0
265 2 0 0 0 0 0 0 0 0
274 2 0 0 0 0 0 1 0 0
275 2 1 1 0 0 0 0 0 0
280 2 0 0 1 1 0 1 0 0
281 2 0 0 1 1 0 1 0 0
284 2 0 0 0 0 0 1 0 0
287 6 0 0 5 0 0 1 0 0
321 2 0 0 0 0 0 1 0 0
fl=/build/eglibc-oGUzwX/eglibc-2.19/ctype/ctype-info.c
fn=__ctype_init
31 7 2 2 5 3 0 1 0 0
33 4 0 0 2 0 0 1 0 0
35 5 1 1 3 0 0 1 0 0
fl=/build/eglibc-oGUzwX/eglibc-2.19/elf/../elf/dl-runtime.c
fn=_dl_fixup
66 55 2 2 0 0 0 33 0 0
68 11 0 0 11 0 0 0 0 0
69 22 0 0 22 2 0 0 0 0
72 55 0 0 22 8 0 0 0 0
73 77 0 0 22 5 0 11 0 0
74 33 1 1 22 1 0 0 0 0
79 22 0 0 0 0 0 0 0 0
83 22 0 0 11 5 2 0 0 0
85 2 0 0 0 0 0 0 0 0
87 33 0 0 11 3 0 0 0 0
91 20 0 0 20 5 0 0 0 0
92 40 1 1 10 1 0 0 0 0
94 40 0 0 10 2 0 0 0 0
100 11 0 0 0 0 0 0 0 0
101 33 0 0 11 0 0 0 0 0
108 22 0 0 11 2 0 11 0 0
111 110 1 1 22 4 0 33 0 0
115 33 0 0 11 0 0 0 0 0
119 44 1 1 11 0 0 11 0 0
125 66 0 0 22 0 0 0 0 0
133 11 0 0 11 0 0 0 0 0
141 44 0 0 11 0 0 0 0 0
145 33 0 0 11 1 0 0 0 0
149 55 0 0 44 0 0 0 0 0
fl=/build/eglibc-oGUzwX/eglibc-2.19/elf/../elf/dl-sysdep.c
fn=_dl_sysdep_start
86 8 1 1 0 0 0 7 1 1
87 2 0 0 0 0 0 0 0 0
88 1 0 0 0 0 0 0 0 0
110 1 0 0 0 0 0 1 0 0
111 213 1 1 69 9 9 4 3 3
114 2 0 0 0 0 0 1 0 0
115 1 0 0 0 0 0 1 1 1
117 90 4 4 23 1 1 10 0 0
118 111 0 0 21 3 3 0 0 0
121 1 0 0 1 0 0 0 0 0
122 1 0 0 0 0 0 0 0 0
124 1 0 0 1 1 1 0 0 0
125 1 0 0 0 0 0 0 0 0
127 1 1 1 1 1 1 0 0 0
128 1 0 0 0 0 0 0 0 0
130 1 0 0 1 0 0 0 0 0
131 1 0 0 0 0 0 0 0 0
151 1 1 1 1 1 1 0 0 0
152 1 0 0 0 0 0 0 0 0
154 1 0 0 1 0 0 0 0 0
155 1 0 0 0 0 0 0 0 0
157 1 1 1 1 0 0 0 0 0
158 1 0 0 0 0 0 0 0 0
163 1 0 0 1 0 0 0 0 0
164 1 0 0 0 0 0 0 0 0
179 1 0 0 1 0 0 0 0 0
180 1 0 0 0 0 0 0 0 0
232 3 1 1 0 0 0 2 0 0
234 5 0 0 0 0 0 1 0 0
246 3 1 1 1 0 0 0 0 0
249 6 0 0 2 0 0 1 0 0
250 1 0 0 1 0 0 0 0 0
251 8 0 0 7 1 0 0 0 0
fn=_dl_sysdep_start_cleanup
256 1 1 1 1 0 0 0 0 0
fl=/build/eglibc-oGUzwX/eglibc-2.19/elf/../misc/sbrk.c
fn=sbrk
34 4 1 1 0 0 0 2 0 0
42 6 0 0 2 0 0 0 0 0
46 2 1 1 0 0 0 0 0 0
57 5 0 0 3 0 0 0 0 0
fl=/build/eglibc-oGUzwX/eglibc-2.19/elf/../sysdeps/unix/sysv/linux/dl-osinfo.h
fn=security_init
61 2 0 0 0 0 0 0 0 0
84 2 1 1 1 0 0 1 0 0
86 1 1 1 1 0 0 0 0 0
93 1 0 0 1 0 0 0 0 0
101 2 0 0 0 0 0 0 0 0
112 1 0 0 1 0 0 0 0 0
fl=/build/eglibc-oGUzwX/eglibc-2.19/elf/../sysdeps/unix/sysv/linux/dl-sysdep.c
fn=_dl_discover_osversion
45 7 1 1 0 0 0 6 0 0
47 3 0 0 1 0 0 0 0 0
87 5 1 1 0 0 0 1 1 1
102 1 0 0 0 0 0 0 0 0
106 1 0 0 0 0 0 0 0 0
107 1 0 0 0 0 0 0 0 0
109 12 1 1 3 1 1 0 0 0
111 6 0 0 0 0 0 0 0 0
113 17 0 0 4 0 0 0 0 0
115 1 0 0 0 0 0 0 0 0
116 2 0 0 0 0 0 0 0 0
119 3 0 0 0 0 0 0 0 0
120 3 0 0 0 0 0 0 0 0
121 3 0 0 0 0 0 0 0 0
123 13 1 1 0 0 0 0 0 0
128 2 0 0 0 0 0 0 0 0
132 8 0 0 7 0 0 0 0 0
fn=_dl_sysdep_start
35 2 0 0 0 0 0 1 0 0
fl=/build/eglibc-oGUzwX/eglibc-2.19/elf/../sysdeps/unix/sysv/linux/dl-vdso.c
fn=_dl_vdso_vsym
26 4 0 0 0 0 0 0 0 0
27 8 1 1 8 1 0 0 0 0
28 8 1 1 4 0 0 0 0 0
31 8 0 0 0 0 0 0 0 0
fl=/build/eglibc-oGUzwX/eglibc-2.19/elf/../sysdeps/unix/sysv/linux/x86_64/brk.c
fn=brk
28 1 0 0 0 0 0 0 0 0
31 7 1 1 0 0 0 1 1 1
33 2 0 0 0 0 0 0 0 0
39 1 0 0 0 0 0 0 0 0
40 1 0 0 1 0 0 0 0 0
fl=/build/eglibc-oGUzwX/eglibc-2.19/elf/../sysdeps/x86_64/dl-machine.h
fn=_dl_fixup
210 11 1 1 0 0 0 11 0 0
fn=_dl_relocate_object
71 16 0 0 4 0 0 0 0 0
77 6 1 1 6 2 0 0 0 0
81 9 1 1 3 3 2 0 0 0
87 3 0 0 0 0 0 3 0 0
95 9 0 0 3 0 0 0 0 0
108 6 0 0 0 0 0 3 0 0
111 12 1 1 3 2 0 0 0 0
244 200 0 0 0 0 0 0 0 0
265 200 1 1 0 0 0 0 0 0
269 200 0 0 0 0 0 0 0 0
276 3998 11 11 793 85 74 702 4 0
278 455 1 1 188 0 0 0 0 0
281 376 0 0 94 0 0 0 0 0
287 700 0 0 100 3 3 0 0 0
320 2 1 1 0 0 0 0 0 0
321 3 0 0 1 0 0 1 0 0
382 30 1 1 10 0 0 0 0 0
386 50 1 1 10 1 0 0 0 0
391 50 0 0 20 1 1 10 8 8
410 267 1 1 89 11 10 89 11 6
422 18 0 0 0 0 0 6 1 0
487 3582 0 0 1194 299 299 0 0 0
492 2388 0 0 0 0 0 0 0 0
493 3582 0 0 1194 149 149 1194 228 226
503 41 0 0 23 0 0 0 0 0
507 36 0 0 0 0 0 0 0 0
509 54 0 0 18 0 0 0 0 0
510 18 0 0 18 3 2 0 0 0
527 10 0 0 10 1 1 0 0 0
529 5 0 0 0 0 0 5 0 0
530 5 0 0 0 0 0 5 0 0
fn=_dl_start
58 3 0 0 1 1 1 0 0 0
241 9 1 1 0 0 0 0 0 0
269 18 0 0 0 0 0 0 0 0
278 36 0 0 18 2 2 0 0 0
281 36 0 0 9 5 5 0 0 0
287 55 0 0 9 2 2 0 0 0
391 9 1 1 9 1 1 0 0 0
400 9 0 0 0 0 0 9 2 2
492 20 0 0 10 1 1 0 0 0
493 30 0 0 10 1 1 10 2 2
fn=_dl_sysdep_start
200 5 0 0 2 1 1 0 0 0
fl=/build/eglibc-oGUzwX/eglibc-2.19/elf/../sysdeps/x86_64/dl-trampoline.S
fn=_dl_runtime_resolve
34 11 1 1 0 0 0 0 0 0
36 11 0 0 0 0 0 11 0 0
37 11 0 0 0 0 0 11 0 0
38 11 0 0 0 0 0 11 0 0
39 11 0 0 0 0 0 11 0 0
40 11 0 0 0 0 0 11 0 0
41 11 1 1 0 0 0 11 0 0
42 11 0 0 0 0 0 11 0 0
43 11 0 0 11 0 0 0 0 0
44 11 0 0 11 0 0 0 0 0
45 11 0 0 0 0 0 11 0 0
46 11 0 0 0 0 0 0 0 0
47 11 0 0 11 0 0 0 0 0
48 11 0 0 11 0 0 0 0 0
49 11 0 0 11 0 0 0 0 0
50 11 0 0 11 0 0 0 0 0
51 11 0 0 11 0 0 0 0 0
52 11 0 0 11 0 0 0 0 0
53 11 0 0 11 0 0 0 0 0
54 11 0 0 0 0 0 0 0 0
56 11 1 1 0 0 0 0 0 0
fl=/build/eglibc-oGUzwX/eglibc-2.19/elf/dl-addr.c
fn=_dl_addr
30 2 0 0 1 0 0 1 0 0
31 2 0 0 1 0 0 1 0 0
34 2 0 0 1 0 0 0 0 0
38 1 0 0 1 0 0 0 0 0
39 1 0 0 1 0 0 0 0 0
40 3 1 1 2 0 0 1 0 0
42 2 0 0 2 0 0 0 0 0
45 2 0 0 1 1 0 0 0 0
50 2029 0 0 2 0 0 0 0 0
52 1011 1 1 1011 59 21 0 0 0
53 2022 0 0 0 0 0 0 0 0
55 4930 0 0 905 0 0 0 0 0
61 11075 0 0 2215 472 429 0 0 0
63 8860 1 1 2215 0 0 0 0 0
64 16270 0 0 5089 350 319 0 0 0
69 2215 0 0 0 0 0 0 0 0
71 7656 1 1 2215 133 79 0 0 0
99 3 0 0 1 1 0 0 0 0
100 1 0 0 0 0 0 1 1 0
101 3 1 1 1 0 0 0 0 0
104 2 0 0 0 0 0 0 0 0
116 1 1 1 0 0 0 1 1 0
117 1 0 0 0 0 0 1 0 0
126 11 1 1 0 0 0 8 0 0
131 3 1 1 2 1 0 1 0 0
133 2 0 0 0 0 0 1 0 0
135 2 0 0 0 0 0 0 0 0
138 2 1 1 0 0 0 0 0 0
141 3 0 0 2 2 0 1 0 0
144 9 1 1 7 0 0 0 0 0
fl=/build/eglibc-oGUzwX/eglibc-2.19/elf/dl-altinit.c
fn=dlinit_alt
33 3 0 0 2 0 0 0 0 0
34 1 0 0 1 0 0 0 0 0
fl=/build/eglibc-oGUzwX/eglibc-2.19/elf/dl-cache.c
fn=_dl_cache_libcmp
138 36 1 1 24 10 10 0 0 0
139 148 0 0 0 0 0 0 0 0
141 210 0 0 0 0 0 0 0 0
143 78 0 0 0 0 0 0 0 0
149 12 1 1 0 0 0 0 0 0
150 8 0 0 0 0 0 0 0 0
151 16 0 0 4 0 0 0 0 0
153 20 1 1 4 0 0 0 0 0
155 8 0 0 0 0 0 0 0 0
161 132 1 1 0 0 0 0 0 0
163 248 0 0 116 0 0 0 0 0
164 8 0 0 0 0 0 0 0 0
167 58 0 0 0 0 0 0 0 0
168 58 0 0 0 0 0 0 0 0
171 8 0 0 0 0 0 0 0 0
172 24 0 0 12 0 0 0 0 0
fn=_dl_load_cache_lookup
182 8 1 1 0 0 0 6 0 0
190 2 0 0 1 0 0 0 0 0
193 3 0 0 1 0 0 0 0 0
196 5 1 1 0 0 0 1 0 0
204 5 0 0 1 0 0 0 0 0
205 6 1 1 0 0 0 1 0 0
209 1 0 0 0 0 0 1 0 0
212 4 0 0 1 0 0 0 0 0
215 2 0 0 0 0 0 1 0 0
216 3 0 0 0 0 0 0 0 0
217 5 1 1 0 0 0 1 0 0
219 2 0 0 0 0 0 0 0 0
244 3 1 1 1 0 0 0 0 0
253 5 0 0 2 0 0 1 0 0
259 4 0 0 0 0 0 2 0 0
263 7 1 1 2 0 0 2 0 0
264 6 0 0 3 0 0 0 0 0
278 269 9 9 37 9 9 13 0 0
294 2 1 1 1 0 0 0 0 0
299 9 0 0 7 0 0 0 0 0
fn=_dl_unload_cache
308 1 0 0 0 0 0 0 0 0
309 4 1 1 1 1 0 0 0 0
311 2 0 0 1 1 0 1 0 0
312 1 0 0 0 0 0 1 0 0
314 2 0 0 1 0 0 0 0 0
fl=/build/eglibc-oGUzwX/eglibc-2.19/elf/dl-debug.c
fn=_dl_debug_initialize
50 8 1 1 0 0 0 0 0 0
51 4 1 1 4 0 0 0 0 0
55 14 0 0 4 1 0 0 0 0
58 1 0 0 0 0 0 1 0 0
59 2 0 0 0 0 0 1 0 0
60 6 0 0 2 0 0 1 0 0
61 2 0 0 0 0 0 1 0 0
fn=_dl_debug_state
74 2 0 0 2 0 0 0 0 0
fl=/build/eglibc-oGUzwX/eglibc-2.19/elf/dl-deps.c
fn=_dl_map_object_deps
147 11 2 2 0 0 0 9 0 0
148 9 0 0 0 0 0 1 0 0
160 6 0 0 0 0 0 2 0 0
161 2 1 1 0 0 0 2 0 0
162 10 0 0 0 0 0 3 0 0
164 1 0 0 0 0 0 0 0 0
168 8 1 1 2 0 0 2 0 0
178 8 0 0 1 0 0 0 0 0
179 1 0 0 1 0 0 0 0 0
182 3 0 0 0 0 0 2 0 0
188 1 0 0 0 0 0 1 0 0
189 1 0 0 0 0 0 1 0 0
201 2 1 1 1 0 0 1 0 0
202 1 0 0 0 0 0 0 0 0
203 1 0 0 0 0 0 1 0 0
204 2 1 1 0 0 0 2 0 0
209 4 0 0 0 0 0 0 0 0
210 4 0 0 0 0 0 0 0 0
213 4 1 1 0 0 0 4 0 0
217 16 1 1 8 0 0 0 0 0
218 17 1 1 7 0 0 0 0 0
220 2 0 0 0 0 0 0 0 0
222 6 0 0 4 0 0 0 0 0
224 26 1 1 2 0 0 4 0 0
229 16 0 0 8 0 0 0 0 0
231 6 0 0 4 0 0 2 0 0
236 2 0 0 0 0 0 2 0 0
237 2 0 0 0 0 0 2 0 0
238 4 0 0 2 0 0 2 0 0
239 4 0 0 2 0 0 2 0 0
242 206 1 1 54 0 0 2 0 0
243 96 1 1 0 0 0 0 0 0
249 14 0 0 4 0 0 2 0 0
251 2 0 0 0 0 0 2 0 0
254 12 1 1 8 0 0 2 0 0
256 6 0 0 2 0 0 0 0 0
271 2 0 0 2 0 0 0 0 0
273 4 0 0 2 0 0 0 0 0
278 6 1 1 0 0 0 0 0 0
281 2 0 0 0 0 0 2 0 0
282 2 0 0 0 0 0 2 0 0
283 2 0 0 0 0 0 2 0 0
284 4 0 0 2 0 0 2 0 0
286 8 1 1 2 0 0 2 0 0
288 10 0 0 2 0 0 4 0 0
292 4 0 0 0 0 0 0 0 0
293 3 0 0 0 0 0 1 0 0
295 138 2 2 0 0 0 0 0 0
343 9 0 0 0 0 0 4 0 0
471 8 0 0 0 0 0 0 0 0
473 6 0 0 0 0 0 2 0 0
475 4 0 0 0 0 0 2 0 0
476 4 1 1 0 0 0 0 0 0
477 4 0 0 0 0 0 0 0 0
480 2 0 0 0 0 0 2 1 1
481 12 0 0 0 0 0 2 0 0
482 10 0 0 0 0 0 2 0 0
485 2 0 0 0 0 0 2 0 0
486 2 0 0 2 0 0 0 0 0
490 16 1 1 8 0 0 0 0 0
492 4 1 1 4 0 0 0 0 0
493 17 0 0 3 0 0 0 0 0
497 6 0 0 2 0 0 0 0 0
498 2 0 0 1 0 0 1 0 0
501 5 1 1 2 0 0 1 0 0
511 2 1 1 0 0 0 1 0 0
512 3 0 0 1 0 0 0 0 0
514 2 0 0 0 0 0 0 0 0
519 7 0 0 2 0 0 1 0 0
520 4 0 0 1 0 0 1 0 0
522 23 1 1 9 0 0 1 0 0
528 12 0 0 4 0 0 4 2 2
532 8 0 0 8 0 0 0 0 0
535 2 0 0 1 0 0 0 0 0
586 6 1 1 3 0 0 1 0 0
587 1 1 1 0 0 0 1 0 0
588 3 0 0 1 0 0 0 0 0
623 7 1 1 1 0 0 2 0 0
625 3 0 0 0 0 0 0 0 0
629 16 1 1 6 0 0 3 0 0
630 8 2 2 0 0 0 2 0 0
631 3 0 0 1 0 0 1 0 0
635 3 0 0 3 0 0 0 0 0
636 6 0 0 3 0 0 0 0 0
642 17 0 0 3 0 0 0 0 0
644 12 0 0 6 0 0 0 0 0
645 8 0 0 0 0 0 0 0 0
647 9 0 0 3 0 0 0 0 0
648 6 0 0 0 0 0 0 0 0
658 2 2 2 2 0 0 0 0 0
670 3 1 1 0 0 0 0 0 0
673 9 0 0 3 0 0 0 0 0
676 35 0 0 9 0 0 9 0 0
683 2 0 0 1 0 0 1 0 0
685 2 0 0 1 0 0 1 0 0
686 1 0 0 1 0 0 0 0 0
687 3 0 0 1 0 0 0 0 0
694 3 0 0 1 0 0 0 0 0
697 2 0 0 0 0 0 0 0 0
700 8 0 0 7 0 0 0 0 0
fn=openaux
60 4 1 1 0 0 0 2 0 0
63 20 0 0 8 0 0 4 0 0
64 4 1 1 2 0 0 0 0 0
67 2 0 0 2 0 0 0 0 0
68 4 0 0 4 0 0 0 0 0
fl=/build/eglibc-oGUzwX/eglibc-2.19/elf/dl-environ.c
fn=_dl_next_ld_env_entry
30 3 1 1 3 0 0 0 0 0
31 1 0 0 0 0 0 0 0 0
33 206 0 0 68 0 0 0 0 0
35 134 0 0 67 32 32 0 0 0
36 22 1 1 10 1 1 0 0 0
38 2 0 0 0 0 0 0 0 0
41 4 0 0 0 0 0 2 0 0
43 2 0 0 2 0 0 0 0 0
46 65 0 0 0 0 0 0 0 0
50 1 0 0 1 0 0 0 0 0
fl=/build/eglibc-oGUzwX/eglibc-2.19/elf/dl-error.c
fn=_dl_catch_error
163 12 1 1 0 0 0 9 0 0
175 6 0 0 0 0 0 6 2 2
176 6 0 0 0 0 0 6 0 0
177 6 1 1 0 0 0 6 0 0
178 6 0 0 0 0 0 3 0 0
180 6 0 0 3 0 0 6 1 1
181 6 0 0 3 0 0 3 0 0
182 6 0 0 0 0 0 3 0 0
185 18 0 0 0 0 0 3 0 0
187 9 1 1 6 0 0 3 0 0
188 9 0 0 6 0 0 3 0 0
189 6 0 0 3 0 0 3 0 0
190 6 0 0 3 0 0 3 0 0
191 6 0 0 3 0 0 3 0 0
199 12 0 0 6 0 0 0 0 0
fn=_dl_receive_error
205 10 1 1 0 0 0 6 0 0
206 2 0 0 1 0 0 1 0 0
210 1 0 0 1 0 0 0 0 0
211 1 0 0 1 0 0 0 0 0
214 1 0 0 0 0 0 1 0 0
215 1 1 1 0 0 0 1 0 0
217 2 0 0 0 0 0 1 0 0
219 1 0 0 0 0 0 1 0 0
220 1 0 0 0 0 0 1 0 0
221 8 0 0 7 0 0 0 0 0
fl=/build/eglibc-oGUzwX/eglibc-2.19/elf/dl-fini.c
fn=_dl_fini
131 8 2 2 0 0 0 6 0 0
143 1 0 0 0 0 0 0 0 0
144 1 0 0 0 0 0 1 0 0
150 1 0 0 0 0 0 1 0 0
153 12 1 1 2 0 0 2 0 0
156 2 0 0 1 0 0 1 0 0
159 2 1 1 2 1 0 0 0 0
162 2 0 0 0 0 0 0 0 0
164 6 0 0 3 0 0 0 0 0
171 2 0 0 1 0 0 0 0 0
175 4 0 0 1 0 0 0 0 0
177 2 0 0 1 0 0 0 0 0
180 9 1 1 0 0 0 1 0 0
183 2 0 0 0 0 0 1 0 0
191 12 0 0 4 0 0 0 0 0
193 8 0 0 4 0 0 0 0 0
195 8 1 1 4 0 0 0 0 0
197 12 0 0 4 0 0 4 0 0
198 4 0 0 0 0 0 4 2 0
199 4 0 0 4 0 0 0 0 0
203 4 0 0 4 0 0 0 0 0
205 2 0 0 1 0 0 0 0 0
210 6 1 1 2 0 0 1 0 0
219 2 0 0 1 0 0 1 0 0
223 13 0 0 5 0 0 0 0 0
225 4 0 0 4 0 0 0 0 0
227 12 0 0 4 0 0 0 0 0
230 8 0 0 0 0 0 4 0 0
233 12 1 1 4 3 0 0 0 0
234 4 1 1 2 2 0 0 0 0
237 4 0 0 2 0 0 0 0 0
244 4 0 0 0 0 0 0 0 0
248 4 0 0 4 1 0 0 0 0
249 2 0 0 2 0 0 0 0 0
250 4 0 0 2 0 0 0 0 0
251 12 0 0 0 0 0 0 0 0
252 4 1 1 2 2 0 2 0 0
256 6 0 0 2 2 0 0 0 0
257 6 0 0 4 2 0 2 0 0
262 24 0 0 8 1 0 0 0 0
278 8 1 1 4 0 0 0 0 0
283 6 0 0 2 0 0 0 0 0
289 2 2 2 1 0 0 0 0 0
296 8 0 0 7 0 0 0 0 0
fn=_dl_sort_fini
32 13 2 2 0 0 0 10 0 0
34 2 0 0 0 0 0 0 0 0
39 4 0 0 0 0 0 1 0 0
40 6 0 0 0 0 0 1 0 0
41 3 0 0 1 0 0 1 0 0
45 9 0 0 3 0 0 3 0 0
46 9 0 0 3 0 0 0 0 0
50 15 1 1 6 0 0 0 0 0
56 14 1 1 4 0 0 1 0 0
57 14 0 0 0 0 0 0 0 0
59 12 0 0 6 1 0 0 0 0
60 8 0 0 0 0 0 0 0 0
62 9 0 0 3 1 0 0 0 0
63 6 0 0 0 0 0 0 0 0
93 9 1 1 3 0 0 0 0 0
114 3 0 0 0 0 0 0 0 0
118 16 0 0 3 0 0 0 0 0
121 27 1 1 11 0 0 6 0 0
125 8 0 0 7 0 0 0 0 0
fl=/build/eglibc-oGUzwX/eglibc-2.19/elf/dl-hwcaps.c
fn=_dl_important_hwcaps
39 12 2 2 0 0 0 10 2 2
41 1 0 0 1 0 0 0 0 0
42 4 0 0 0 0 0 1 0 0
51 3 0 0 1 0 0 0 0 0
61 4 2 2 1 0 0 1 0 0
92 2 1 1 0 0 0 0 0 0
113 1 1 1 0 0 0 0 0 0
115 5 0 0 0 0 0 1 0 0
130 6 1 1 0 0 0 0 0 0
131 2 0 0 0 0 0 0 0 0
133 2 0 0 0 0 0 0 0 0
145 2 1 1 0 0 0 0 0 0
162 2 1 1 0 0 0 0 0 0
170 2 1 1 1 0 0 0 0 0
172 4 1 1 1 0 0 1 0 0
173 4 0 0 1 0 0 1 0 0
177 3 0 0 0 0 0 1 0 0
178 1 0 0 0 0 0 1 0 0
181 2 0 0 0 0 0 0 0 0
184 2 1 1 0 0 0 0 0 0
188 12 0 0 2 0 0 3 0 0
189 2 0 0 0 0 0 0 0 0
207 12 2 2 1 0 0 6 0 0
208 5 0 0 0 0 0 1 1 1
209 4 0 0 2 0 0 0 0 0
238 3 1 1 0 0 0 2 0 0
241 2 0 0 0 0 0 0 0 0
243 5 2 2 2 0 0 2 0 0
244 7 0 0 2 0 0 4 0 0
269 19 1 1 3 0 0 0 0 0
270 8 1 1 0 0 0 4 0 0
274 12 0 0 0 0 0 0 0 0
277 28 1 1 0 0 0 0 0 0
278 24 0 0 0 0 0 0 0 0
279 12 0 0 8 0 0 0 0 0
281 4 1 1 0 0 0 0 0 0
284 3 0 0 1 0 0 0 0 0
285 1 0 0 0 0 0 0 0 0
286 12 2 2 3 0 0 0 0 0
299 6 0 0 2 0 0 2 0 0
300 2 0 0 0 0 0 0 0 0
302 4 0 0 0 0 0 0 0 0
305 3 0 0 2 0 0 1 0 0
307 1 0 0 0 0 0 0 0 0
308 8 0 0 7 0 0 0 0 0
fl=/build/eglibc-oGUzwX/eglibc-2.19/elf/dl-init.c
fn=_dl_init
36 26 1 1 5 0 0 4 0 0
86 11 1 1 0 0 0 6 0 0
87 1 0 0 1 1 0 0 0 0
88 1 0 0 1 0 0 0 0 0
91 3 0 0 1 0 0 0 0 0
94 2 0 0 0 0 0 1 0 0
98 4 1 1 1 0 0 0 0 0
125 15 0 0 0 0 0 0 0 0
126 12 0 0 8 0 0 0 0 0
132 8 0 0 7 0 0 0 0 0
fn=call_init.part.0
34 36 0 0 0 0 0 20 1 0
42 12 1 1 4 0 0 4 0 0
45 16 0 0 8 1 0 0 0 0
46 3 1 1 0 0 0 0 0 0
50 9 0 0 3 3 0 0 0 0
51 2 0 0 1 1 0 0 0 0
55 4 0 0 2 0 0 0 0 0
63 4 0 0 0 0 0 0 0 0
64 12 1 1 4 2 0 2 0 0
67 2 0 0 2 2 0 0 0 0
68 4 0 0 0 0 0 0 0 0
74 6 0 0 4 1 0 0 0 0
76 4 0 0 4 0 0 0 0 0
77 16 0 0 0 0 0 0 0 0
78 15 1 1 3 1 0 3 0 0
80 24 0 0 24 0 0 0 0 0
fl=/build/eglibc-oGUzwX/eglibc-2.19/elf/dl-load.c
fn=_dl_init_paths
714 9 1 1 0 0 0 6 0 0
727 6 1 1 2 0 0 2 0 0
731 1 0 0 0 0 0 1 0 0
732 3 0 0 0 0 0 1 0 0
733 2 0 0 0 0 0 0 0 0
740 5 0 0 0 0 0 0 0 0
741 5 1 1 1 0 0 2 0 0
744 1 0 0 0 0 0 1 0 0
745 2 0 0 0 0 0 1 0 0
747 3 0 0 1 0 0 0 0 0
753 1 0 0 0 0 0 1 0 0
754 1 0 0 0 0 0 1 0 0
762 13 0 0 0 0 0 3 1 1
764 8 1 1 0 0 0 4 0 0
765 7 0 0 0 0 0 4 3 3
767 8 1 1 0 0 0 4 0 0
768 14 1 1 3 1 1 4 1 1
769 33 0 0 4 0 0 13 0 0
772 9 0 0 3 1 1 0 0 0
776 27 1 1 15 0 0 5 0 0
782 1 0 0 0 0 0 1 1 1
783 1 0 0 0 0 0 1 0 0
787 1 1 1 1 0 0 0 0 0
788 2 0 0 0 0 0 0 0 0
790 4 0 0 1 0 0 0 0 0
792 3 1 1 1 0 0 0 0 0
809 1 0 0 0 0 0 1 0 0
811 3 1 1 1 0 0 0 0 0
825 2 1 1 0 0 0 1 0 0
830 4 1 1 1 0 0 0 0 0
838 5 0 0 0 0 0 1 0 0
840 11 1 1 0 0 0 2 0 0
856 2 0 0 0 0 0 0 0 0
857 385 0 0 128 0 0 0 0 0
859 127 0 0 0 0 0 0 0 0
860 381 0 0 0 0 0 0 0 0
861 127 1 1 0 0 0 0 0 0
864 1 0 0 0 0 0 1 0 0
865 1 0 0 0 0 0 1 0 0
866 2 0 0 0 0 0 0 0 0
872 8 1 1 1 0 0 2 0 0
876 3 0 0 2 0 0 0 0 0
882 1 0 0 0 0 0 1 0 0
886 8 0 0 7 0 0 0 0 0
fn=_dl_map_object
161 4 0 0 0 0 0 2 0 0
162 2 0 0 0 0 0 1 0 0
164 3 1 1 1 0 0 0 0 0
167 4 0 0 1 0 0 1 0 0
691 9 1 1 3 0 0 0 0 0
2317 30 1 1 0 0 0 24 3 3
2324 6 0 0 0 0 0 0 0 0
2325 6 0 0 3 1 1 0 0 0
2328 45 1 1 9 0 0 0 0 0
2333 21 0 0 7 0 0 0 0 0
2334 14 0 0 0 0 0 0 0 0
2336 36 1 1 0 0 0 7 0 0
2340 12 0 0 6 0 0 0 0 0
2341 18 1 1 6 0 0 0 0 0
2344 2 0 0 2 0 0 0 0 0
2345 4 0 0 4 0 0 0 0 0
2346 8 0 0 0 0 0 2 0 0
2362 4 0 0 2 0 0 0 0 0
2372 12 1 1 2 0 0 2 0 0
2396 2 0 0 0 0 0 2 1 1
2398 10 0 0 0 0 0 2 0 0
2402 4 1 1 0 0 0 2 0 0
2404 2 0 0 1 0 0 0 0 0
2411 4 1 1 1 0 0 0 0 0
2415 2 1 1 1 0 0 1 0 0
2416 3 0 0 0 0 0 1 0 0
2420 3 0 0 1 0 0 0 0 0
2421 1 0 0 0 0 0 0 0 0
2423 11 1 1 0 0 0 4 0 0
2435 4 2 2 3 0 0 0 0 0
2436 7 2 2 2 0 0 0 0 0
2437 1 0 0 0 0 0 0 0 0
2446 2 0 0 1 0 0 0 0 0
2447 18 1 1 2 0 0 4 0 0
2453 6 1 1 0 0 0 2 0 0
2454 1 0 0 0 0 0 0 0 0
2456 2 1 1 1 0 0 1 0 0
2462 4 0 0 0 0 0 1 0 0
2464 3 0 0 1 0 0 0 0 0
2468 3 0 0 0 0 0 2 0 0
2470 2 1 1 0 0 0 0 0 0
2474 3 0 0 1 0 0 0 0 0
2482 2 0 0 1 0 0 0 0 0
2504 9 1 1 2 0 0 1 0 0
2507 3 0 0 0 0 0 1 0 0
2509 1 0 0 0 0 0 1 0 0
2510 3 0 0 1 0 0 0 0 0
2530 2 2 2 1 0 0 0 0 0
2536 1 0 0 0 0 0 1 0 0
2538 6 1 1 0 0 0 1 0 0
2539 3 0 0 0 0 0 0 0 0
2540 1 0 0 0 0 0 0 0 0
2543 7 0 0 0 0 0 1 0 0
2546 2 0 0 0 0 0 0 0 0
2558 8 1 1 2 0 0 0 0 0
2560 4 0 0 0 0 0 0 0 0
2604 4 1 1 2 0 0 2 0 0
2605 24 0 0 4 0 0 8 0 0
2607 24 0 0 21 0 0 0 0 0
fn=_dl_map_object_from_fd
474 2 1 1 1 0 0 0 0 0
923 30 2 2 0 0 0 20 1 1
934 8 0 0 2 0 0 4 1 1
935 2 0 0 0 0 0 2 0 0
938 12 0 0 0 0 0 2 0 0
949 29 1 1 9 0 0 0 0 0
950 26 1 1 14 2 2 0 0 0
967 4 1 1 2 0 0 0 0 0
992 4 1 1 2 0 0 0 0 0
1002 4 0 0 2 0 0 0 0 0
1024 8 0 0 4 0 0 0 0 0
1056 4 0 0 0 0 0 0 0 0
1059 16 1 1 8 0 0 2 0 0
1060 4 0 0 0 0 0 0 0 0
1071 6 0 0 4 0 0 2 2 2
1072 6 2 2 4 0 0 2 0 0
1073 4 0 0 2 0 0 2 0 0
1075 10 0 0 0 0 0 0 0 0
1076 8 0 0 4 0 0 0 0 0
1077 2 0 0 0 0 0 0 0 0
1092 2 0 0 0 0 0 2 0 0
1101 24 1 1 4 0 0 6 0 0
1102 2 0 0 0 0 0 0 0 0
1103 2 0 0 0 0 0 0 0 0
1109 142 2 2 0 0 0 0 0 0
1110 136 1 1 17 0 0 0 0 0
1116 4 0 0 2 0 0 2 0 0
1117 6 0 0 2 0 0 2 0 0
1118 2 0 0 0 0 0 0 0 0
1121 2 1 1 1 0 0 1 0 0
1122 1 0 0 0 0 0 0 0 0
1127 20 1 1 8 0 0 0 0 0
1133 24 0 0 8 0 0 0 0 0
1134 4 0 0 0 0 0 0 0 0
1141 20 0 0 4 0 0 0 0 0
1142 16 0 0 0 0 0 4 2 2
1143 12 1 1 4 0 0 0 0 0
1144 8 0 0 0 0 0 4 0 0
1145 4 0 0 0 0 0 4 0 0
1146 8 0 0 4 0 0 4 0 0
1147 8 1 1 0 0 0 4 0 0
1151 8 0 0 0 0 0 0 0 0
1152 6 0 0 2 0 0 0 0 0
1157 28 0 0 4 0 0 4 2 2
1167 4 0 0 0 0 0 0 0 0
1170 3 0 0 1 0 0 0 0 0
1174 1 0 0 0 0 0 1 1 1
1175 2 1 1 1 0 0 1 0 0
1176 2 0 0 0 0 0 0 0 0
1177 1 0 0 0 0 0 0 0 0
1179 3 0 0 1 0 0 1 0 0
1180 2 0 0 1 0 0 1 0 0
1183 2 0 0 1 0 0 1 0 0
1187 4 0 0 1 0 0 0 0 0
1193 3 0 0 1 0 0 2 1 1
1194 1 0 0 0 0 0 0 0 0
1198 8 0 0 2 0 0 2 0 0
1206 10 0 0 0 0 0 0 0 0
1250 4 1 1 2 0 0 2 0 0
1251 8 0 0 0 0 0 0 0 0
1254 4 1 1 2 0 0 2 0 0
1255 6 0 0 4 0 0 2 0 0
1256 2 0 0 0 0 0 0 0 0
1259 6 1 1 0 0 0 0 0 0
1272 16 0 0 10 0 0 2 0 0
1274 4 1 1 2 0 0 0 0 0
1288 2 0 0 2 0 0 0 0 0
1293 14 0 0 8 0 0 4 1 1
1297 4 1 1 0 0 0 0 0 0
1304 6 0 0 2 0 0 2 0 0
1305 6 0 0 4 0 0 2 0 0
1307 4 0 0 0 0 0 0 0 0
1313 12 0 0 2 0 0 2 0 0
1314 2 1 1 2 0 0 0 0 0
1317 2 0 0 2 0 0 0 0 0
1319 2 1 1 2 0 0 0 0 0
1340 20 1 1 4 0 0 0 0 0
1342 8 0 0 4 0 0 0 0 0
1344 20 0 0 8 0 0 2 0 0
1352 12 0 0 4 0 0 0 0 0
1353 6 0 0 4 0 0 2 0 0
1355 8 0 0 4 0 0 0 0 0
1356 5 1 1 3 0 0 0 0 0
1357 6 0 0 2 0 0 0 0 0
1358 5 1 1 1 0 0 0 0 0
1360 4 0 0 0 0 0 1 0 0
1363 16 0 0 8 0 0 0 0 0
1369 4 0 0 2 0 0 0 0 0
1370 2 0 0 0 0 0 0 0 0
1371 10 1 1 2 0 0 0 0 0
1372 4 0 0 0 0 0 0 0 0
1379 4 0 0 0 0 0 0 0 0
1382 4 0 0 0 0 0 0 0 0
1393 14 0 0 0 0 0 6 1 1
1394 10 0 0 6 0 0 0 0 0
1399 4 0 0 0 0 0 0 0 0
1403 8 0 0 1 0 0 1 0 0
1406 2 0 0 0 0 0 0 0 0
1414 4 1 1 0 0 0 0 0 0
1418 8 0 0 4 0 0 0 0 0
1427 6 0 0 2 0 0 2 0 0
1433 4 1 1 0 0 0 0 0 0
1449 6 0 0 2 0 0 0 0 0
1468 4 0 0 2 0 0 2 0 0
1470 10 1 1 4 0 0 0 0 0
1525 6 0 0 2 1 1 0 0 0
1526 2 0 0 1 0 0 1 0 0
1529 8 0 0 2 0 0 2 0 0
1537 14 2 2 2 0 0 0 0 0
1540 8 0 0 4 0 0 2 0 0
1542 4 0 0 2 0 0 0 0 0
1558 4 0 0 0 0 0 2 0 0
1562 4 0 0 2 0 0 0 0 0
1563 4 1 1 2 0 0 0 0 0
1580 4 0 0 2 0 0 0 0 0
1581 1 0 0 0 0 0 1 0 0
1584 4 0 0 2 0 0 2 0 0
1585 4 0 0 2 0 0 2 0 0
1589 4 1 1 2 0 0 0 0 0
1599 6 0 0 2 0 0 2 0 0
1603 8 0 0 2 0 0 0 0 0
1623 16 0 0 14 0 0 0 0 0
fn=expand_dynamic_string_token
161 18 0 0 0 0 0 6 0 0
162 12 0 0 0 0 0 6 0 0
164 12 0 0 0 0 0 0 0 0
167 24 0 0 0 0 0 0 0 0
415 48 1 1 0 0 0 30 0 0
425 30 1 1 0 0 0 6 1 1
440 30 0 0 30 0 0 0 0 0
fn=fillin_rpath
486 17 2 2 0 0 0 12 1 1
488 1 0 0 0 0 0 0 0 0
491 19 0 0 0 0 0 6 0 0
495 25 0 0 5 0 0 5 0 0
497 15 0 0 0 0 0 5 0 0
501 10 1 1 0 0 0 0 0 0
504 1 0 0 0 0 0 0 0 0
508 38 0 0 7 0 0 0 0 0
513 8 1 1 0 0 0 4 0 0
516 23 1 1 5 0 0 0 0 0
523 120 0 0 35 0 0 5 0 0
524 66 1 1 31 0 0 1 0 0
542 20 2 2 5 0 0 5 0 0
545 10 0 0 0 0 0 5 0 0
546 20 1 1 10 0 0 5 0 0
547 20 0 0 0 0 0 10 0 0
548 20 1 1 10 0 0 0 0 0
552 5 0 0 0 0 0 5 3 3
553 5 0 0 0 0 0 0 0 0
554 25 0 0 0 0 0 15 1 1
555 5 0 0 0 0 0 5 0 0
557 15 1 1 10 0 0 0 0 0
558 1 0 0 0 0 0 1 0 0
563 20 0 0 5 1 1 0 0 0
564 70 1 1 0 0 0 0 0 0
565 50 0 0 0 0 0 10 0 0
567 10 1 1 5 0 0 5 0 0
568 10 0 0 5 0 0 0 0 0
573 10 1 1 0 0 0 5 0 0
575 10 0 0 5 0 0 5 0 0
576 5 0 0 0 0 0 5 0 0
579 15 1 1 0 0 0 5 1 1
581 20 0 0 10 0 0 5 0 0
585 1 0 0 0 0 0 1 0 0
588 9 0 0 7 0 0 0 0 0
fn=open_path
2168 14 2 2 0 0 0 12 0 0
2169 2 0 0 1 0 0 1 0 0
2172 1 0 0 0 0 0 1 0 0
2173 1 0 0 0 0 0 1 0 0
2175 2 0 0 0 0 0 0 0 0
2180 8 1 1 2 0 0 0 0 0
2183 5 0 0 5 0 0 0 0 0
2187 10 0 0 0 0 0 0 0 0
2192 10 0 0 5 0 0 0 0 0
2199 25 0 0 10 0 0 10 1 1
2200 87 1 1 9 0 0 0 0 0
2203 40 1 1 20 0 0 0 0 0
2207 260 1 1 120 0 0 40 0 0
2210 20 0 0 0 0 0 0 0 0
2213 40 1 1 20 0 0 0 0 0
2216 140 0 0 80 0 0 20 0 0
2218 60 0 0 20 0 0 0 0 0
2220 32 0 0 0 0 0 0 0 0
2225 32 0 0 16 0 0 0 0 0
2226 144 0 0 64 0 0 0 0 0
2232 53 1 1 17 0 0 17 0 0
2234 96 0 0 16 0 0 16 0 0
2235 4 0 0 2 0 0 0 0 0
2237 74 0 0 16 0 0 16 0 0
2244 48 0 0 0 0 0 0 0 0
2246 12 1 1 0 0 0 0 0 0
2254 2 1 1 0 0 0 1 0 0
2282 1 0 0 0 0 0 0 0 0
2285 19 1 1 3 0 0 0 0 0
2290 5 0 0 5 0 0 0 0 0
2292 20 1 1 15 0 0 0 0 0
2295 3 0 0 1 0 0 0 0 0
2309 22 2 2 7 0 0 0 0 0
fn=open_verify
1873 12 1 1 0 0 0 8 0 0
1909 3 0 0 1 0 0 0 0 0
1930 5 1 1 1 0 0 2 1 1
1931 2 0 0 0 0 0 0 0 0
1941 1 0 0 0 0 0 1 0 0
1942 2 0 0 0 0 0 1 0 0
1947 6 0 0 1 0 0 1 0 0
1949 2 0 0 0 0 0 0 0 0
1951 3 1 1 1 0 0 1 0 0
1953 2 0 0 0 0 0 0 0 0
1959 2 0 0 0 0 0 0 0 0
1975 11 1 1 0 0 0 1 0 0
1977 1 0 0 1 0 0 0 0 0
1979 4 0 0 0 0 0 1 0 0
2006 3 1 1 2 0 0 0 0 0
2050 2 0 0 1 0 0 0 0 0
2055 2 0 0 1 0 0 0 0 0
2058 4 1 1 1 0 0 0 0 0
2063 2 0 0 1 1 1 0 0 0
2070 5 0 0 1 0 0 0 0 0
2071 4 0 0 1 0 0 0 0 0
2072 1 0 0 0 0 0 0 0 0
2087 61 1 1 0 0 0 0 0 0
2089 19 1 1 9 5 5 0 0 0
2093 4 0 0 2 0 0 0 0 0
2094 2 0 0 0 0 0 0 0 0
2103 6 1 1 0 0 0 1 0 0
2106 1 0 0 0 0 0 0 0 0
2107 3 0 0 1 0 0 0 0 0
2108 3 0 0 1 0 0 0 0 0
2110 3 0 0 0 0 0 0 0 0
2154 8 0 0 7 0 0 0 0 0
fn=open_verify.constprop.6
1871 231 2 2 0 0 0 147 1 1
1909 63 0 0 21 0 0 0 0 0
1930 105 0 0 21 0 0 42 0 0
1931 42 0 0 0 0 0 0 0 0
1941 1 0 0 0 0 0 1 0 0
1942 2 1 1 0 0 0 1 0 0
1947 6 0 0 1 0 0 1 0 0
1949 2 0 0 0 0 0 0 0 0
1951 3 0 0 1 0 0 1 0 0
1953 2 0 0 0 0 0 0 0 0
1959 2 1 1 0 0 0 0 0 0
1975 11 0 0 0 0 0 1 0 0
1977 1 0 0 1 0 0 0 0 0
1979 4 1 1 0 0 0 1 0 0
2050 2 0 0 1 0 0 0 0 0
2055 2 0 0 1 0 0 0 0 0
2058 4 0 0 1 0 0 0 0 0
2063 2 0 0 1 0 0 0 0 0
2070 7 1 1 1 0 0 0 0 0
2071 4 0 0 1 0 0 0 0 0
2072 1 0 0 0 0 0 0 0 0
2087 45 1 1 0 0 0 0 0 0
2089 17 1 1 8 0 0 0 0 0
2093 4 0 0 2 0 0 0 0 0
2094 2 0 0 0 0 0 0 0 0
2103 12 1 1 0 0 0 2 0 0
2106 1 0 0 0 0 0 0 0 0
2107 3 0 0 1 0 0 0 0 0
2108 3 0 0 1 0 0 0 0 0
2110 3 0 0 0 0 0 0 0 0
2115 1 0 0 0 0 0 0 0 0
2116 1 0 0 0 0 0 0 0 0
2119 2 0 0 0 0 0 0 0 0
2122 3 0 0 1 0 0 0 0 0
2123 5 0 0 1 0 0 0 0 0
2124 2 1 1 1 0 0 0 0 0
2125 3 0 0 1 0 0 0 0 0
2126 6 0 0 2 0 0 0 0 0
2131 20 1 1 0 0 0 0 0 0
2154 168 0 0 147 0 0 0 0 0
fl=/build/eglibc-oGUzwX/eglibc-2.19/elf/dl-lookup.c
fn=_dl_lookup_symbol_x
475 194 0 0 0 0 0 0 0 0
476 5758 0 0 1391 86 82 97 0 0
477 5176 1 1 0 0 0 0 0 0
714 1358 2 2 0 0 0 776 3 0
716 194 0 0 0 0 0 97 1 0
717 194 1 1 0 0 0 194 0 0
720 97 0 0 97 2 0 0 0 0
724 372 0 0 89 0 0 0 0 0
728 194 1 1 0 0 0 97 0 0
729 194 0 0 97 0 0 0 0 0
731 194 0 0 194 4 0 0 0 0
735 800 1 1 6 0 0 194 0 0
737 1261 1 1 582 0 0 679 3 0
740 194 0 0 0 0 0 0 0 0
743 6 0 0 0 0 0 0 0 0
766 194 0 0 97 0 0 0 0 0
768 42 1 1 12 0 0 0 0 0
784 6 1 1 0 0 0 6 0 0
785 12 0 0 0 0 0 0 0 0
788 91 0 0 91 0 0 0 0 0
789 637 0 0 182 0 0 0 0 0
815 91 0 0 0 0 0 0 0 0
824 455 2 1 91 0 0 0 0 0
838 273 0 0 91 3 1 0 0 0
839 2 1 1 0 0 0 1 0 0
841 364 0 0 182 0 0 0 0 0
846 91 0 0 0 0 0 91 0 0
848 776 2 1 679 0 0 0 0 0
fn=_dl_setup_hash
859 12 1 1 4 0 0 0 0 0
863 4 0 0 4 0 0 0 0 0
867 8 1 1 4 4 4 4 1 1
868 4 0 0 4 0 0 0 0 0
869 4 0 0 4 1 1 0 0 0
871 12 0 0 0 0 0 0 0 0
872 4 0 0 0 0 0 4 0 0
873 12 0 0 4 0 0 4 0 0
875 4 0 0 0 0 0 4 0 0
876 8 0 0 0 0 0 0 0 0
878 4 1 1 0 0 0 4 0 0
879 4 0 0 0 0 0 0 0 0
880 16 0 0 0 0 0 4 0 0
881 4 0 0 4 0 0 0 0 0
fn=check_match.9481
131 637 1 1 0 0 0 364 0 0
132 182 0 0 91 15 7 0 0 0
134 364 0 0 182 12 11 0 0 0
136 273 0 0 91 0 0 0 0 0
146 273 1 1 91 0 0 91 2 0
149 308 0 0 154 0 0 21 0 0
153 182 0 0 182 0 0 0 0 0
154 273 0 0 91 0 0 0 0 0
156 178 0 0 0 0 0 0 0 0
175 178 1 1 178 10 3 0 0 0
176 712 0 0 267 5 0 0 0 0
177 445 1 1 178 1 0 89 0 0
204 4 0 0 0 0 0 0 0 0
206 12 0 0 4 2 1 0 0 0
207 8 0 0 2 0 0 0 0 0
222 637 1 1 455 0 0 0 0 0
fn=do_lookup_x
77 776 1 1 291 0 0 485 3 0
82 1164 1 1 194 0 0 679 4 0
83 97 0 0 97 1 0 0 0 0
89 97 0 0 97 0 0 0 0 0
95 306 1 1 0 0 0 306 0 0
96 306 0 0 0 0 0 306 0 0
98 918 0 0 612 9 0 306 0 0
101 612 0 0 0 0 0 0 0 0
105 612 0 0 306 0 0 0 0 0
109 612 1 1 306 7 0 0 0 0
113 612 0 0 306 1 0 0 0 0
119 918 0 0 306 5 0 0 0 0
123 612 0 0 612 14 0 0 0 0
124 918 0 0 612 1 0 306 0 0
225 306 0 0 306 0 0 0 0 0
226 612 1 1 0 0 0 0 0 0
228 306 0 0 306 45 33 0 0 0
229 194 0 0 0 0 0 0 0 0
230 612 0 0 306 0 0 0 0 0
232 388 0 0 0 0 0 0 0 0
233 1224 0 0 306 0 0 0 0 0
236 1224 0 0 0 0 0 0 0 0
237 918 0 0 0 0 0 0 0 0
239 192 0 0 192 52 44 0 0 0
240 384 1 1 0 0 0 0 0 0
241 192 0 0 0 0 0 0 0 0
243 288 1 1 96 0 0 0 0 0
246 945 0 0 189 67 60 0 0 0
248 728 1 1 182 0 0 182 0 0
249 728 0 0 0 0 0 455 1 0
250 455 0 0 273 0 0 0 0 0
253 294 0 0 0 0 0 0 0 0
257 215 0 0 0 0 0 215 0 0
281 430 1 1 215 0 0 0 0 0
286 684 1 1 91 0 0 0 0 0
290 215 0 0 11 1 0 91 0 0
303 182 1 1 91 0 0 91 0 0
304 182 0 0 91 0 0 91 0 0
305 91 0 0 0 0 0 0 0 0
461 1206 0 0 402 0 0 0 0 0
462 352 0 0 128 0 0 128 0 0
465 645 1 1 0 0 0 0 0 0
468 12 0 0 0 0 0 0 0 0
469 776 0 0 679 0 0 0 0 0
fl=/build/eglibc-oGUzwX/eglibc-2.19/elf/dl-minimal.c
fn=__libc_memalign
51 120 1 1 0 0 0 60 1 1
52 148 0 0 59 0 0 0 0 0
57 3 0 0 0 0 0 1 0 0
58 3 1 1 1 0 0 0 0 0
59 1 0 0 0 0 0 0 0 0
63 90 1 1 0 0 0 30 0 0
64 30 0 0 0 0 0 0 0 0
66 198 0 0 0 0 0 0 0 0
70 12 0 0 3 0 0 0 0 0
71 9 2 1 0 0 0 0 0 0
77 21 0 0 0 0 0 3 0 0
79 15 0 0 6 0 0 0 0 0
83 9 0 0 0 0 0 3 0 0
86 30 0 0 0 0 0 30 0 0
87 30 0 0 0 0 0 30 0 0
89 231 0 0 90 0 0 0 0 0
fn=calloc
102 8 1 1 0 0 0 0 0 0
106 8 0 0 0 0 0 0 0 0
109 40 0 0 0 0 0 0 0 0
113 8 0 0 0 0 0 0 0 0
fn=free
119 10 0 0 0 0 0 5 0 0
121 10 1 1 5 0 0 0 0 0
128 10 0 0 10 0 0 0 0 0
fn=malloc
93 29 1 1 0 0 0 0 0 0
94 58 0 0 0 0 0 0 0 0
fn=strsep
338 16 1 1 8 0 0 0 0 0
340 8 0 0 8 0 0 0 0 0
341 16 0 0 0 0 0 0 0 0
345 890 1 1 176 0 0 0 0 0
350 688 0 0 344 0 0 0 0 0
352 1020 0 0 340 0 0 0 0 0
354 8 0 0 0 0 0 0 0 0
356 8 1 1 0 0 0 4 0 0
357 4 0 0 0 0 0 0 0 0
360 170 0 0 0 0 0 0 0 0
363 6 0 0 0 0 0 6 0 0
367 8 0 0 8 0 0 0 0 0
fl=/build/eglibc-oGUzwX/eglibc-2.19/elf/dl-misc.c
fn=_dl_name_match_p
288 230 1 1 0 0 0 92 0 0
289 184 0 0 46 0 0 46 3 2
290 49 0 0 0 0 0 0 0 0
292 46 0 0 46 0 0 0 0 0
294 186 0 0 0 0 0 0 0 0
295 250 1 1 50 3 0 50 0 0
298 47 0 0 47 0 0 0 0 0
300 43 0 0 0 0 0 0 0 0
301 230 0 0 138 0 0 0 0 0
fn=_dl_sysdep_read_whole_file
45 7 1 1 0 0 0 4 0 0
46 1 0 0 0 0 0 0 0 0
52 4 1 1 0 0 0 1 0 0
53 2 0 0 0 0 0 0 0 0
55 6 0 0 0 0 0 1 0 0
57 2 0 0 1 0 0 1 1 1
60 2 0 0 0 0 0 0 0 0
62 8 1 1 0 0 0 1 0 0
73 2 0 0 0 0 0 1 0 0
76 7 0 0 5 0 0 0 0 0
fl=/build/eglibc-oGUzwX/eglibc-2.19/elf/dl-object.c
fn=_dl_add_to_namespace_list
32 15 1 1 0 0 0 6 0 0
34 6 0 0 3 0 0 3 0 0
36 22 1 1 3 0 0 0 0 0
39 15 0 0 5 0 0 0 0 0
40 3 0 0 0 0 0 0 0 0
41 2 0 0 0 0 0 2 0 0
43 2 0 0 0 0 0 2 0 0
46 2 0 0 0 0 0 1 0 0
47 9 0 0 3 0 0 0 0 0
48 6 0 0 3 0 0 3 0 0
49 6 0 0 0 0 0 3 0 0
51 9 0 0 3 0 0 0 0 0
52 9 0 0 6 0 0 0 0 0
fn=_dl_new_object
61 42 2 2 0 0 0 30 1 1
62 15 0 0 0 0 0 3 0 0
68 36 1 1 6 0 0 0 0 0
75 15 0 0 0 0 0 6 0 0
78 6 0 0 0 0 0 0 0 0
81 3 0 0 0 0 0 3 3 3
82 6 1 1 0 0 0 3 3 3
86 6 0 0 0 0 0 3 1 1
87 15 0 0 6 0 0 6 2 2
89 3 1 1 0 0 0 3 0 0
97 15 0 0 6 0 0 3 0 0
98 18 0 0 6 3 3 3 0 0
101 6 0 0 3 0 0 0 0 0
102 7 1 1 0 0 0 3 3 3
103 3 1 1 0 0 0 3 0 0
107 3 0 0 0 0 0 3 0 0
110 43 0 0 0 0 0 0 0 0
112 32 0 0 0 0 0 16 5 5
122 6 0 0 0 0 0 3 1 1
123 3 1 1 0 0 0 3 3 3
126 3 0 0 0 0 0 0 0 0
128 18 0 0 3 0 0 0 0 0
130 6 0 0 0 0 0 2 0 0
133 7 0 0 0 0 0 0 0 0
137 6 0 0 2 0 0 0 0 0
141 15 0 0 2 0 0 0 0 0
143 1 1 1 0 0 0 0 0 0
149 1 0 0 0 0 0 1 1 1
152 6 0 0 0 0 0 3 1 1
155 15 1 1 6 0 0 0 0 0
157 10 0 0 2 0 0 4 0 0
161 10 0 0 0 0 0 0 0 0
165 6 1 1 0 0 0 2 0 0
166 8 0 0 0 0 0 0 0 0
211 8 1 1 4 0 0 2 0 0
216 82 0 0 0 0 0 0 0 0
217 88 0 0 42 0 0 0 0 0
222 4 0 0 0 0 0 2 0 0
225 4 0 0 0 0 0 2 0 0
229 24 1 1 21 0 0 0 0 0
fl=/build/eglibc-oGUzwX/eglibc-2.19/elf/dl-open.c
fn=_dl_find_dso_for_object
182 5 1 1 1 0 0 0 0 0
183 10 2 2 3 0 0 0 0 0
184 12 0 0 6 0 0 0 0 0
185 2 0 0 1 0 0 0 0 0
188 2 1 1 1 0 0 0 0 0
192 1 0 0 1 0 0 0 0 0
fl=/build/eglibc-oGUzwX/eglibc-2.19/elf/dl-reloc.c
fn=_dl_relocate_object
154 48 2 2 0 0 0 32 0 0
161 4 0 0 0 0 0 4 0 0
164 8 1 1 0 0 0 0 0 0
165 20 1 1 0 0 0 12 0 0
169 8 0 0 0 0 0 0 0 0
170 16 0 0 8 1 0 0 0 0
176 8 0 0 4 0 0 0 0 0
182 12 0 0 4 0 0 0 0 0
183 8 1 1 4 3 0 0 0 0
186 8 0 0 4 0 0 0 0 0
193 8 0 0 4 1 0 0 0 0
238 12 1 1 8 0 0 4 0 0
264 234 3 3 83 12 1 53 0 0
267 12 0 0 4 0 0 0 0 0
295 4 0 0 4 0 0 0 0 0
298 8 0 0 4 0 0 0 0 0
315 12 0 0 4 2 0 0 0 0
317 32 1 1 28 1 0 0 0 0
323 16 1 1 8 0 0 0 0 0
324 8 0 0 4 0 0 0 0 0
325 8 0 0 0 0 0 0 0 0
328 8 1 1 0 0 0 0 0 0
329 20 0 0 0 0 0 4 0 0
fl=/build/eglibc-oGUzwX/eglibc-2.19/elf/dl-tls.c
fn=__tls_get_addr
770 1 1 1 1 0 0 0 0 0
772 3 0 0 2 2 0 0 0 0
775 3 0 0 2 0 0 0 0 0
777 2 0 0 0 0 0 0 0 0
780 1 0 0 1 0 0 0 0 0
781 1 0 0 1 0 0 0 0 0
fn=_dl_add_to_slotinfo
831 4 1 1 0 0 0 3 0 0
837 2 1 1 1 0 0 0 0 0
840 1 0 0 1 1 0 0 0 0
845 5 0 0 1 0 0 0 0 0
886 1 0 0 0 0 0 1 1 0
887 3 1 1 1 1 0 1 0 0
888 4 0 0 4 0 0 0 0 0
fn=_dl_allocate_tls_init
376 8 1 1 0 0 0 7 0 0
377 2 0 0 0 0 0 0 0 0
381 3 0 0 2 1 0 1 0 0
383 1 0 0 0 0 0 0 0 0
384 1 0 0 0 0 0 0 0 0
389 3 0 0 1 0 0 1 0 0
394 12 1 1 2 0 0 0 0 0
400 9 0 0 0 0 0 0 0 0
403 1 1 1 1 0 0 0 0 0
404 2 0 0 0 0 0 0 0 0
410 3 0 0 1 0 0 0 0 0
412 2 0 0 0 0 0 0 0 0
413 2 0 0 1 0 0 0 0 0
422 2 1 1 1 0 0 0 0 0
423 4 0 0 2 0 0 0 0 0
425 2 0 0 0 0 0 0 0 0
426 2 1 1 1 0 0 0 0 0
434 4 0 0 1 0 0 1 1 0
435 1 0 0 0 0 0 1 0 0
436 11 0 0 4 0 0 2 0 0
450 2 1 1 1 0 0 1 0 0
452 1 0 0 1 0 0 0 0 0
453 8 1 1 7 0 0 0 0 0
fn=_dl_allocate_tls_storage
295 2 0 0 1 0 0 0 0 0
296 3 1 1 0 0 0 1 0 0
297 2 0 0 0 0 0 0 0 0
300 1 0 0 0 0 0 1 1 1
306 2 0 0 0 0 0 1 0 0
328 3 1 1 0 0 0 3 0 0
330 1 0 0 1 0 0 0 0 0
341 4 0 0 1 0 0 1 0 0
342 2 0 0 0 0 0 0 0 0
349 1 0 0 0 0 0 0 0 0
353 306 1 1 0 0 0 288 36 36
370 5 0 0 4 0 0 0 0 0
fn=_dl_determine_tlsoffset
112 7 1 1 0 0 0 6 0 0
113 2 1 1 0 0 0 0 0 0
114 1 0 0 0 0 0 0 0 0
115 1 0 0 0 0 0 0 0 0
118 3 1 1 1 0 0 0 0 0
121 2 0 0 1 0 0 0 0 0
123 1 0 0 0 0 0 0 0 0
155 1 0 0 0 0 0 0 0 0
157 10 0 0 2 0 0 0 0 0
159 3 0 0 1 0 0 0 0 0
161 3 0 0 1 0 0 0 0 0
162 2 1 1 1 0 0 0 0 0
164 2 0 0 0 0 0 0 0 0
166 5 0 0 1 0 0 0 0 0
168 2 1 1 0 0 0 0 0 0
182 9 1 1 0 0 0 0 0 0
184 3 0 0 0 0 0 0 0 0
185 1 0 0 0 0 0 0 0 0
194 1 0 0 0 0 0 1 0 0
197 4 0 0 0 0 0 1 0 0
198 1 0 0 0 0 0 1 0 0
249 1 0 0 0 0 0 1 0 0
250 8 0 0 7 0 0 0 0 0
fn=_dl_next_tls_modid
50 1 1 1 0 0 0 0 0 0
53 3 0 0 2 0 0 0 0 0
101 2 0 0 0 0 0 1 0 0
105 2 0 0 1 0 0 0 0 0
fl=/build/eglibc-oGUzwX/eglibc-2.19/elf/dl-version.c
fn=_dl_check_all_versions
380 6 1 1 0 0 0 4 0 0
382 2 0 0 0 0 0 0 0 0
384 16 0 0 4 0 0 0 0 0
385 4 0 0 0 0 0 0 0 0
386 40 1 1 4 0 0 4 0 0
389 7 0 0 5 0 0 0 0 0
fn=_dl_check_map_versions
56 24 0 0 4 0 0 0 0 0
57 5 0 0 5 0 0 0 0 0
58 37 1 1 0 0 0 7 0 0
174 44 1 1 0 0 0 32 0 0
175 2 0 0 0 0 0 0 0 0
183 2 0 0 0 0 0 0 0 0
189 12 0 0 4 0 0 0 0 0
191 8 0 0 4 0 0 4 0 0
193 8 0 0 4 0 0 4 0 0
194 8 1 1 4 0 0 4 0 0
196 8 0 0 0 0 0 0 0 0
199 8 0 0 6 0 0 2 0 0
203 12 1 1 4 2 2 0 0 0
220 6 0 0 6 0 0 0 0 0
228 6 0 0 2 0 0 0 0 0
233 14 0 0 4 0 0 0 0 0
237 70 2 2 40 2 2 8 0 0
244 16 0 0 4 0 0 0 0 0
247 14 0 0 4 0 0 0 0 0
252 2 0 0 0 0 0 0 0 0
256 8 0 0 4 0 0 0 0 0
270 12 1 1 4 0 0 0 0 0
273 6 0 0 4 0 0 0 0 0
276 112 0 0 28 5 5 0 0 0
279 84 0 0 28 1 1 0 0 0
283 26 0 0 0 0 0 0 0 0
287 8 1 1 0 0 0 0 0 0
292 3 0 0 0 0 0 3 0 0
293 12 0 0 0 0 0 3 0 0
294 6 1 1 0 0 0 0 0 0
302 3 0 0 0 0 0 3 0 0
305 9 0 0 6 0 0 3 0 0
307 9 0 0 3 0 0 0 0 0
310 8 0 0 6 0 0 0 0 0
314 6 0 0 2 0 0 0 0 0
317 12 1 1 4 0 0 0 0 0
319 12 0 0 0 0 0 0 0 0
321 20 0 0 4 0 0 4 0 0
322 12 0 0 0 0 0 4 3 3
323 12 0 0 4 0 0 4 0 0
324 12 1 1 4 0 0 4 0 0
327 12 0 0 4 0 0 0 0 0
332 2 0 0 0 0 0 0 0 0
335 6 0 0 2 0 0 0 0 0
345 9 0 0 3 0 0 0 0 0
348 8 0 0 6 0 0 0 0 0
352 28 0 0 28 0 0 0 0 0
354 56 0 0 28 0 0 0 0 0
358 26 0 0 26 0 0 0 0 0
359 130 0 0 26 0 0 26 7 7
360 78 0 0 26 0 0 26 0 0
361 26 0 0 0 0 0 26 3 3
364 84 0 0 28 0 0 0 0 0
368 26 0 0 0 0 0 0 0 0
373 7 0 0 0 0 0 0 0 0
374 32 2 2 28 0 0 0 0 0
fn=match_symbol
76 52 2 2 0 0 0 32 0 0
77 8 0 0 8 0 0 0 0 0
85 8 0 0 4 0 0 0 0 0
91 12 0 0 4 0 0 0 0 0
106 4 0 0 4 0 0 0 0 0
107 8 1 1 0 0 0 0 0 0
109 4 0 0 4 0 0 0 0 0
114 42 0 0 21 6 6 0 0 0
128 42 0 0 21 2 2 0 0 0
130 4 1 1 4 0 0 0 0 0
133 24 0 0 4 0 0 4 0 0
140 51 0 0 17 1 1 0 0 0
144 17 0 0 0 0 0 0 0 0
168 32 0 0 28 0 0 0 0 0
fl=/build/eglibc-oGUzwX/eglibc-2.19/elf/do-rel.h
fn=_dl_relocate_object
47 16 0 0 8 0 0 0 0 0
48 8 0 0 8 0 0 0 0 0
50 3 0 0 0 0 0 0 0 0
51 3 0 0 0 0 0 3 1 0
58 24 0 0 8 0 0 0 0 0
61 81 0 0 0 0 0 0 0 0
63 69 1 1 23 8 8 0 0 0
65 17 1 1 0 0 0 0 0 0
74 6 0 0 0 0 0 0 0 0
75 29 1 1 9 0 0 0 0 0
76 10 0 0 5 0 0 0 0 0
83 10 0 0 5 0 0 5 0 0
84 5 1 1 5 0 0 0 0 0
86 10 0 0 0 0 0 0 0 0
98 15 0 0 0 0 0 0 0 0
108 9 1 1 1 1 1 0 0 0
111 3590 0 0 0 0 0 0 0 0
112 2388 1 1 1194 0 0 0 0 0
118 15 0 0 5 4 0 0 0 0
121 8 1 1 4 3 0 4 1 0
124 305 1 1 98 0 0 0 0 0
127 380 1 1 95 25 21 0 0 0
136 285 0 0 190 40 37 0 0 0
137 542 0 0 95 0 0 95 0 0
138 176 0 0 95 1 0 0 0 0
139 190 0 0 95 0 0 0 0 0
143 6 0 0 0 0 0 0 0 0
160 23 2 2 5 0 0 4 0 0
162 20 0 0 5 2 2 0 0 0
170 25 1 1 5 0 0 5 0 0
171 10 0 0 10 0 0 0 0 0
174 5 0 0 2 0 0 0 0 0
fn=_dl_start
83 1 0 0 1 0 0 0 0 0
84 1 0 0 1 0 0 0 0 0
111 33 1 1 0 0 0 0 0 0
112 20 0 0 10 3 3 0 0 0
116 2 0 0 1 0 0 0 0 0
124 31 1 1 0 0 0 0 0 0
137 45 0 0 9 2 2 0 0 0
139 18 0 0 9 0 0 0 0 0
fl=/build/eglibc-oGUzwX/eglibc-2.19/elf/get-dynamic-info.h
fn=_dl_map_object_from_fd
38 4 0 0 0 0 0 0 0 0
42 2 0 0 0 0 0 0 0 0
44 141 1 1 47 13 13 0 0 0
46 90 1 1 0 0 0 0 0 0
51 42 0 0 0 0 0 0 0 0
52 71 0 0 0 0 0 43 12 12
53 8 0 0 0 0 0 0 0 0
55 2 0 0 0 0 0 0 0 0
56 10 1 1 0 0 0 0 0 0
58 2 0 0 0 0 0 0 0 0
59 10 0 0 0 0 0 0 0 0
60 2 0 0 0 0 0 0 0 0
61 8 0 0 0 0 0 2 0 0
62 45 0 0 0 0 0 0 0 0
69 4 1 1 0 0 0 0 0 0
89 7 0 0 3 0 0 0 0 0
90 8 0 0 4 0 0 0 0 0
91 8 0 0 4 0 0 0 0 0
92 8 0 0 4 0 0 0 0 0
94 8 1 1 4 0 0 0 0 0
99 8 0 0 4 0 0 0 0 0
100 7 0 0 3 1 1 0 0 0
101 8 0 0 4 0 0 0 0 0
107 6 1 1 2 0 0 0 0 0
112 4 0 0 2 0 0 0 0 0
119 4 0 0 2 0 0 0 0 0
120 6 0 0 4 0 0 0 0 0
136 6 0 0 2 0 0 0 0 0
141 2 0 0 1 0 0 1 0 0
143 2 0 0 0 0 0 0 0 0
145 2 0 0 0 0 0 0 0 0
147 2 0 0 0 0 0 0 0 0
150 6 1 1 2 0 0 0 0 0
152 2 0 0 1 0 0 1 0 0
160 2 1 1 1 0 0 0 0 0
161 2 0 0 0 0 0 0 0 0
165 2 0 0 0 0 0 0 0 0
168 4 0 0 2 0 0 0 0 0
fn=_dl_start
44 57 1 1 19 6 6 0 0 0
46 36 0 0 0 0 0 0 0 0
47 26 0 0 0 0 0 13 3 3
51 21 1 1 0 0 0 0 0 0
52 18 0 0 0 0 0 4 2 2
53 4 1 1 0 0 0 0 0 0
55 1 0 0 0 0 0 0 0 0
56 5 0 0 0 0 0 0 0 0
58 2 0 0 0 0 0 0 0 0
59 5 2 2 0 0 0 0 0 0
60 1 0 0 0 0 0 0 0 0
61 5 0 0 0 0 0 1 1 1
62 18 0 0 0 0 0 0 0 0
69 2 0 0 0 0 0 0 0 0
89 4 0 0 2 0 0 0 0 0
90 4 1 1 2 0 0 0 0 0
91 4 0 0 2 0 0 0 0 0
92 4 0 0 2 0 0 0 0 0
94 4 0 0 2 0 0 0 0 0
99 4 1 1 2 0 0 0 0 0
100 4 0 0 2 0 0 0 0 0
101 4 0 0 2 0 0 0 0 0
107 3 0 0 1 0 0 0 0 0
112 2 1 1 1 0 0 0 0 0
119 3 0 0 1 0 0 0 0 0
120 3 0 0 2 0 0 0 0 0
128 3 0 0 1 0 0 0 0 0
130 3 1 1 1 1 1 0 0 0
133 2 0 0 1 0 0 0 0 0
134 2 0 0 1 0 0 0 0 0
fn=dl_main
29 1 0 0 1 0 0 0 0 0
38 2 0 0 0 0 0 0 0 0
42 1 0 0 0 0 0 0 0 0
44 72 0 0 24 7 7 0 0 0
46 46 1 1 0 0 0 0 0 0
51 17 1 1 0 0 0 0 0 0
52 33 0 0 0 0 0 22 5 5
53 4 0 0 0 0 0 0 0 0
55 1 0 0 0 0 0 0 0 0
56 5 1 1 0 0 0 0 0 0
58 1 0 0 0 0 0 0 0 0
59 5 0 0 0 0 0 0 0 0
60 1 0 0 0 0 0 0 0 0
61 4 1 1 0 0 0 1 0 0
62 23 0 0 0 0 0 0 0 0
69 3 1 1 1 0 0 0 0 0
107 3 2 2 1 0 0 0 0 0
112 2 0 0 1 0 0 0 0 0
119 2 0 0 1 0 0 0 0 0
120 3 0 0 2 0 0 0 0 0
136 3 0 0 1 0 0 0 0 0
150 3 1 1 1 0 0 0 0 0
168 2 1 1 1 0 0 0 0 0
fl=/build/eglibc-oGUzwX/eglibc-2.19/elf/rtld.c
fn=_dl_initial_error_catch_tsd
797 8 0 0 4 0 0 0 0 0
fn=_dl_start
284 75 3 3 8 1 1 8 1 1
296 2 0 0 0 0 0 1 1 1
297 2 0 0 0 0 0 1 0 0
298 2 1 1 0 0 0 1 0 0
299 2 0 0 0 0 0 1 1 1
300 2 0 0 0 0 0 1 0 0
321 5 1 1 0 0 0 1 0 0
325 1 0 0 0 0 0 1 0 0
331 4 1 0 0 0 0 1 0 0
340 4 0 0 0 0 0 0 0 0
343 2 0 0 1 1 0 1 1 0
347 2 0 0 1 0 0 0 0 0
361 9 1 1 0 0 0 6 1 1
379 5 0 0 0 0 0 1 1 1
405 1 0 0 0 0 0 1 1 1
408 1 0 0 0 0 0 1 1 1
536 2 0 0 0 0 0 0 0 0
541 34 3 3 9 0 0 0 0 0
543 1 1 1 1 1 1 0 0 0
568 9 0 0 7 1 0 0 0 0
fn=dl_main
887 12 1 1 0 0 0 8 2 2
893 1 0 0 0 0 0 0 0 0
895 2 0 0 0 0 0 0 0 0
896 1 0 0 0 0 0 0 0 0
902 1 0 0 0 0 0 1 0 0
906 2 0 0 0 0 0 1 0 0
909 2 0 0 0 0 0 1 1 1
913 2 0 0 0 0 0 1 1 1
914 2 0 0 0 0 0 1 0 0
919 2 1 1 0 0 0 1 0 0
929 4 2 2 2 0 0 0 0 0
1128 8 1 1 0 0 0 1 0 0
1130 2 0 0 0 0 0 0 0 0
1131 1 0 0 0 0 0 1 1 1
1132 2 1 1 1 0 0 1 0 0
1133 3 0 0 2 0 0 1 0 0
1137 3 0 0 0 0 0 1 0 0
1138 2 0 0 1 0 0 0 0 0
1159 1 0 0 0 0 0 1 0 0
1160 1 0 0 0 0 0 1 0 0
1162 1 0 0 0 0 0 1 0 0
1164 1 1 1 1 0 0 0 0 0
1167 36 1 1 3 0 0 0 0 0
1168 71 1 1 9 5 5 0 0 0
1172 3 1 1 1 0 0 1 0 0
1173 1 0 0 0 0 0 0 0 0
1177 3 1 1 2 0 0 1 0 0
1178 1 0 0 0 0 0 0 0 0
1186 1 0 0 0 0 0 1 1 1
1187 2 1 1 2 1 1 0 0 0
1189 2 1 1 0 0 0 1 0 0
1196 3 0 0 1 0 0 0 0 0
1214 1 0 0 0 0 0 0 0 0
1222 4 0 0 2 0 0 0 0 0
1223 10 2 2 3 1 1 0 0 0
1224 4 0 0 2 0 0 0 0 0
1225 1 0 0 0 0 0 1 0 0
1228 4 0 0 2 1 1 0 0 0
1229 4 0 0 2 0 0 0 0 0
1230 2 0 0 0 0 0 2 0 0
1231 6 0 0 3 0 0 0 0 0
1232 2 0 0 0 0 0 1 0 0
1259 2 1 1 1 0 0 1 1 1
1260 1 0 0 0 0 0 0 0 0
1263 2 0 0 1 0 0 1 0 0
1264 2 0 0 1 0 0 1 0 0
1265 1 0 0 0 0 0 0 0 0
1270 3 0 0 1 1 1 0 0 0
1273 2 0 0 0 0 0 0 0 0
1275 2 0 0 0 0 0 0 0 0
1277 2 1 1 1 0 0 0 0 0
1290 3 0 0 1 0 0 0 0 0
1291 11 1 1 6 0 0 2 0 0
1296 1 0 0 0 0 0 1 0 0
1298 1 0 0 0 0 0 1 1 1
1299 1 0 0 0 0 0 1 0 0
1301 2 0 0 1 0 0 0 0 0
1302 2 1 1 0 0 0 1 0 0
1306 2 0 0 1 0 0 0 0 0
1308 2 0 0 0 0 0 0 0 0
1313 2 0 0 0 0 0 1 0 0
1316 4 1 1 0 0 0 1 0 0
1332 3 1 1 0 0 0 1 0 0
1338 9 1 1 1 0 0 2 0 0
1343 2 1 1 1 0 0 1 0 0
1346 4 0 0 1 0 0 2 0 0
1348 1 0 0 0 0 0 1 0 0
1353 2 0 0 1 0 0 0 0 0
1356 3 0 0 2 0 0 1 0 0
1357 4 1 1 1 0 0 1 0 0
1358 2 0 0 0 0 0 1 0 0
1359 1 0 0 0 0 0 1 0 0
1360 1 0 0 1 0 0 0 0 0
1361 1 0 0 1 0 0 0 0 0
1366 2 0 0 1 0 0 0 0 0
1367 5 1 1 1 0 0 1 0 0
1371 1 0 0 1 0 0 0 0 0
1373 4 0 0 1 0 0 0 0 0
1374 2 0 0 0 0 0 1 0 0
1375 4 1 1 1 1 1 1 0 0
1380 2 0 0 0 0 0 0 0 0
1381 6 0 0 1 1 1 0 0 0
1383 2 0 0 1 0 0 1 1 1
1384 2 0 0 1 0 0 1 0 0
1389 2 0 0 1 1 1 0 0 0
1394 3 1 1 1 0 0 0 0 0
1575 3 0 0 1 0 0 0 0 0
1578 2 0 0 1 0 0 1 0 0
1582 3 1 1 1 0 0 0 0 0
1587 2 0 0 1 0 0 1 0 0
1588 1 0 0 0 0 0 1 0 0
1593 3 0 0 1 0 0 0 0 0
1608 3 1 1 2 0 0 0 0 0
1610 1 0 0 0 0 0 0 0 0
1612 3 0 0 1 0 0 0 0 0
1619 11 1 1 0 0 0 3 0 0
1622 6 0 0 0 0 0 0 0 0
1625 12 1 1 0 0 0 2 0 0
1626 2 0 0 1 0 0 0 0 0
1627 3 0 0 1 0 0 0 0 0
1629 6 1 1 0 0 0 1 0 0
1631 4 0 0 0 0 0 0 0 0
1632 2 0 0 1 0 0 0 0 0
1633 3 1 1 0 0 0 1 0 0
1643 5 0 0 0 0 0 1 0 0
1720 4 1 1 2 0 0 0 0 0
1724 8 1 1 0 0 0 0 0 0
1725 1 0 0 0 0 0 0 0 0
1728 2 0 0 0 0 0 1 0 0
1729 1 0 0 1 0 0 0 0 0
1730 2 0 0 0 0 0 0 0 0
1731 2 1 1 0 0 0 0 0 0
1737 5 0 0 0 0 0 0 0 0
1738 8 0 0 0 0 0 1 0 0
1739 4 1 1 0 0 0 0 0 0
1741 2 0 0 1 0 0 0 0 0
1744 13 0 0 2 0 0 0 0 0
1745 16 0 0 8 0 0 0 0 0
1748 3 0 0 2 0 0 1 0 0
1749 3 1 1 1 0 0 0 0 0
1750 1 0 0 0 0 0 1 0 0
1752 12 1 1 0 0 0 0 0 0
1753 9 0 0 4 0 0 0 0 0
1763 2 1 1 0 0 0 1 0 0
1765 2 0 0 1 0 0 1 0 0
1766 2 1 1 1 0 0 0 0 0
1768 3 0 0 0 0 0 1 0 0
1770 3 0 0 0 0 0 0 0 0
1772 3 0 0 1 0 0 0 0 0
1773 1 1 1 1 0 0 0 0 0
1784 3 1 1 0 0 0 0 0 0
1786 2 0 0 0 0 0 0 0 0
1787 2 0 0 0 0 0 1 0 0
1788 3 0 0 1 0 0 0 0 0
1799 4 0 0 0 0 0 1 0 0
1800 1 1 1 0 0 0 1 0 0
1801 5 0 0 0 0 0 1 0 0
1811 2 1 1 1 0 0 1 0 0
1812 2 0 0 1 0 0 0 0 0
1813 2 0 0 0 0 0 2 0 0
1815 2 0 0 1 0 0 0 0 0
1818 1 0 0 0 0 0 1 0 0
1820 2 0 0 1 0 0 0 0 0
2050 3 1 1 1 0 0 0 0 0
2106 2 1 1 0 0 0 1 0 0
2110 4 1 1 2 0 0 2 0 0
2114 2 0 0 1 0 0 1 0 0
2117 2 0 0 0 0 0 0 0 0
2125 2 1 1 0 0 0 0 0 0
2136 1 1 1 1 0 0 0 0 0
2171 3 2 2 1 0 0 0 0 0
2178 1 0 0 1 0 0 0 0 0
2180 11 0 0 1 0 0 1 0 0
2182 13 1 1 1 1 0 0 0 0
2184 12 1 1 8 1 0 0 0 0
2189 8 0 0 8 0 0 0 0 0
2191 10 0 0 0 0 0 0 0 0
2193 1 1 1 0 0 0 1 0 0
2194 1 0 0 1 0 0 0 0 0
2197 4 0 0 4 0 0 0 0 0
2199 12 0 0 0 0 0 0 0 0
2200 24 0 0 6 2 0 3 0 0
2204 14 0 0 5 1 0 0 0 0
2205 3 0 0 0 0 0 1 0 0
2207 4 0 0 0 0 0 0 0 0
2209 2 1 1 0 0 0 1 0 0
2215 2 0 0 1 0 0 0 0 0
2220 4 1 1 2 0 0 0 0 0
2221 1 1 1 1 0 0 0 0 0
2226 2 0 0 1 0 0 1 0 0
2230 2 0 0 1 0 0 0 0 0
2244 3 1 1 2 1 0 0 0 0
2246 4 1 1 1 0 0 0 0 0
2261 5 0 0 0 0 0 0 0 0
2263 1 0 0 1 0 0 0 0 0
2264 5 0 0 1 0 0 1 0 0
2265 4 0 0 0 0 0 0 0 0
2267 3 0 0 1 0 0 0 0 0
2275 1 0 0 0 0 0 1 0 0
2279 3 0 0 1 0 0 0 0 0
2299 3 0 0 0 0 0 1 0 0
2300 1 0 0 0 0 0 1 0 0
2301 1 0 0 0 0 0 1 0 0
2306 1 0 0 0 0 0 1 0 0
2311 8 1 1 7 2 0 0 0 0
2481 2 0 0 1 0 0 1 1 1
2483 1 0 0 0 0 0 0 0 0
2484 1 0 0 0 0 0 0 0 0
2488 13 2 2 1 0 0 4 0 0
2490 15 0 0 3 0 0 3 1 1
2494 105 1 1 21 0 0 0 0 0
2495 19 0 0 0 0 0 0 0 0
2497 4 0 0 0 0 0 0 0 0
2503 16 0 0 2 0 0 0 0 0
2526 6 1 1 0 0 0 1 0 0
2533 6 1 1 0 0 0 1 0 0
2535 3 1 1 0 0 0 1 0 0
2579 6 1 1 0 0 0 1 0 0
2581 3 1 1 0 0 0 1 0 0
2653 3 1 1 1 0 0 0 0 0
2686 3 0 0 1 0 0 0 0 0
fn=do_preload
803 6 0 0 0 0 0 3 0 0
805 1 0 0 0 0 0 1 0 0
809 1 0 0 0 0 0 1 0 0
810 1 1 1 0 0 0 1 0 0
811 1 0 0 0 0 0 1 0 0
813 1 0 0 1 0 0 0 0 0
815 6 0 0 0 0 0 1 0 0
816 3 0 0 1 0 0 0 0 0
824 3 1 1 1 0 0 0 0 0
830 5 0 0 4 0 0 0 0 0
fn=init_tls
716 1 0 0 0 0 0 1 0 0
718 2 0 0 1 0 0 1 0 0
722 2 0 0 1 0 0 0 0 0
723 1 1 1 0 0 0 0 0 0
728 2 0 0 0 0 0 1 0 0
731 1 0 0 0 0 0 1 0 0
732 4 0 0 0 0 0 1 0 0
737 1 0 0 0 0 0 0 0 0
739 1 0 0 0 0 0 1 0 0
743 2 1 1 1 1 1 0 0 0
744 1 0 0 0 0 0 0 0 0
745 11 1 1 1 0 0 0 0 0
746 8 0 0 4 0 0 0 0 0
747 8 0 0 4 0 0 0 0 0
751 3 0 0 0 0 0 1 1 1
753 1 0 0 0 0 0 0 0 0
755 3 0 0 0 0 0 0 0 0
758 1 1 1 0 0 0 1 0 0
765 2 0 0 0 0 0 1 0 0
766 2 0 0 0 0 0 0 0 0
772 2 1 1 1 0 0 1 0 0
780 7 0 0 0 0 0 2 0 0
784 1 1 1 0 0 0 1 0 0
786 1 0 0 0 0 0 0 0 0
787 2 0 0 2 0 0 0 0 0
fn=map_doit
624 2 1 1 0 0 0 1 0 0
626 8 1 1 3 0 0 2 0 0
628 2 0 0 2 0 0 0 0 0
fn=rtld_lock_default_lock_recursive
837 10 1 1 10 2 1 0 0 0
fn=rtld_lock_default_unlock_recursive
843 10 2 1 10 1 0 0 0 0
fn=security_init
850 2 0 0 0 0 0 1 0 0
852 1 0 0 1 0 0 0 0 0
854 1 0 0 0 0 0 1 0 0
861 1 0 0 1 0 0 0 0 0
863 1 0 0 0 0 0 1 0 0
865 1 0 0 0 0 0 1 0 0
870 1 1 1 0 0 0 1 0 0
871 3 0 0 2 0 0 0 0 0
fn=version_check_doit
656 2 1 1 0 0 0 1 0 0
658 6 0 0 2 0 0 1 0 0
662 2 0 0 2 0 0 0 0 0
fl=/build/eglibc-oGUzwX/eglibc-2.19/elf/setup-vdso.h
fn=dl_main
24 2 0 0 1 0 0 0 0 0
fl=/build/eglibc-oGUzwX/eglibc-2.19/io/../sysdeps/unix/syscall-template.S
fn=__open_nocancel
81 5 1 1 1 0 0 0 0 0
fn=__read_nocancel
81 40 0 0 8 0 0 0 0 0
fn=__write_nocancel
81 140 0 0 28 0 0 0 0 0
fn=access
81 12 1 1 0 0 0 0 0 0
83 15 1 1 3 0 0 3 1 1
fn=close
81 12 1 1 0 0 0 0 0 0
82 3 0 0 3 0 0 0 0 0
fn=open
81 94 2 2 1 0 0 0 0 0
82 3 0 0 3 0 0 0 0 0
83 100 0 0 20 0 0 20 0 0
fn=read
81 24 1 1 8 0 0 0 0 0
82 2 0 0 2 0 0 0 0 0
fn=write
81 56 1 1 28 0 0 0 0 0
fl=/build/eglibc-oGUzwX/eglibc-2.19/io/../sysdeps/unix/sysv/linux/wordsize-64/fxstat.c
fn=_fxstat
33 6 0 0 0 0 0 0 0 0
34 12 2 2 0 0 0 0 0 0
35 36 0 0 0 0 0 0 0 0
39 6 0 0 6 0 0 0 0 0
fl=/build/eglibc-oGUzwX/eglibc-2.19/io/../sysdeps/unix/sysv/linux/wordsize-64/xstat.c
fn=_xstat
33 16 0 0 0 0 0 0 0 0
34 32 1 1 0 0 0 0 0 0
35 152 0 0 14 0 0 14 0 0
39 2 0 0 2 0 0 0 0 0
fl=/build/eglibc-oGUzwX/eglibc-2.19/libio/../sysdeps/unix/sysv/linux/sys/sysmacros.h
fn=_IO_file_doallocate
41 12 0 0 0 0 0 0 0 0
fl=/build/eglibc-oGUzwX/eglibc-2.19/libio/filedoalloc.c
fn=_IO_file_doallocate
96 15 2 1 0 0 0 9 1 0
111 24 1 1 9 1 0 3 3 0
113 12 0 0 3 0 0 0 0 0
116 4 0 0 0 0 0 0 0 0
118 4 2 2 2 1 0 0 0 0
121 2 0 0 2 0 0 0 0 0
124 18 1 1 3 1 0 0 0 0
128 24 0 0 0 0 0 3 0 0
129 15 0 0 0 0 0 3 0 0
130 3 0 0 0 0 0 0 0 0
131 15 0 0 12 0 0 0 0 0
fl=/build/eglibc-oGUzwX/eglibc-2.19/libio/fileops.c
fn=_IO_do_write@@GLIBC_2.2.5
509 174 1 1 0 0 0 116 0 0
511 199 0 0 0 0 0 0 0 0
512 174 0 0 145 0 0 0 0 0
523 112 1 1 28 0 0 0 0 0
530 112 0 0 56 0 0 0 0 0
538 168 1 1 56 0 0 28 0 0
539 84 0 0 28 0 0 0 0 0
541 112 1 1 28 0 0 84 0 0
542 56 0 0 0 0 0 56 0 0
543 28 0 0 0 0 0 28 0 0
544 56 0 0 28 0 0 0 0 0
545 84 0 0 28 0 0 0 0 0
fn=_IO_file_fopen@@GLIBC_2.2.5
224 2 1 1 0 0 0 0 0 0
225 2 0 0 0 0 0 0 0 0
228 2 0 0 0 0 0 1 0 0
232 2 0 0 0 0 0 0 0 0
234 1 0 0 0 0 0 1 0 0
235 4 0 0 1 0 0 1 0 0
236 3 0 0 0 0 0 0 0 0
243 2 1 1 0 0 0 1 0 0
254 9 1 1 0 0 0 6 0 0
255 3 0 0 0 0 0 0 0 0
265 2 0 0 1 0 0 0 0 0
267 5 1 1 1 1 0 0 0 0
270 1 0 0 0 0 0 0 0 0
271 1 1 1 0 0 0 0 0 0
275 2 1 1 1 0 0 0 0 0
292 12 1 1 1 0 0 0 0 0
333 1 0 0 0 0 0 0 0 0
353 4 0 0 0 0 0 1 0 0
354 3 0 0 0 0 0 0 0 0
431 8 0 0 7 0 0 0 0 0
fn=_IO_file_init@@GLIBC_2.2.5
143 4 1 1 0 0 0 2 0 0
147 2 0 0 0 0 0 1 0 0
148 1 0 0 1 0 0 0 0 0
150 1 0 0 0 0 0 1 0 0
151 1 0 0 0 0 0 1 0 0
152 4 0 0 3 0 0 0 0 0
fn=_IO_file_overflow@@GLIBC_2.2.5
824 500 1 1 0 0 0 375 2 0
825 375 0 0 125 0 0 0 0 0
832 871 0 0 248 0 0 0 0 0
835 2 1 1 1 0 0 0 0 0
837 2 1 1 0 0 0 1 0 0
838 6 0 0 2 0 0 3 0 0
847 2 1 1 0 0 0 0 0 0
856 4 0 0 2 0 0 0 0 0
858 1 0 0 0 0 0 1 0 0
859 2 0 0 0 0 0 1 0 0
860 1 0 0 0 0 0 1 0 0
861 2 0 0 0 0 0 2 0 0
863 3 1 1 0 0 0 1 0 0
864 5 0 0 1 0 0 0 0 0
865 2 0 0 0 0 0 1 0 0
867 250 0 0 0 0 0 0 0 0
868 32 1 1 0 0 0 0 0 0
869 16 0 0 0 0 0 0 0 0
870 218 0 0 109 0 0 0 0 0
873 327 0 0 0 0 0 218 1 0
874 327 0 0 109 0 0 0 0 0
875 436 0 0 0 0 0 0 0 0
876 52 0 0 0 0 0 13 0 0
877 39 1 0 26 0 0 0 0 0
879 109 0 0 0 0 0 0 0 0
880 484 0 0 484 0 0 0 0 0
fn=_IO_file_read
1204 32 1 0 16 0 0 0 0 0
fn=_IO_file_setbuf@@GLIBC_2.2.5
461 2 1 1 0 0 0 1 0 0
462 3 0 0 0 0 0 1 0 0
465 2 0 0 0 0 0 2 0 0
466 2 0 0 1 0 0 1 0 0
467 3 0 0 0 0 0 3 0 0
469 1 0 0 0 0 0 0 0 0
470 2 0 0 2 0 0 0 0 0
fn=_IO_file_stat
1222 3 1 1 0 0 0 0 0 0
1223 9 0 0 3 0 0 0 0 0
fn=_IO_file_sync@@GLIBC_2.2.5
886 2 1 1 0 0 0 1 0 0
891 4 0 0 2 0 0 0 0 0
893 1 1 1 1 0 0 0 0 0
894 2 0 0 1 0 0 0 0 0
911 2 0 0 0 0 0 1 0 0
915 2 0 0 2 0 0 0 0 0
fn=_IO_file_underflow@@GLIBC_2.2.5
552 32 1 1 0 0 0 16 0 0
560 24 1 1 8 0 0 0 0 0
566 24 0 0 16 0 0 0 0 0
569 16 0 0 8 0 0 0 0 0
572 6 2 2 2 0 0 0 0 0
577 8 0 0 2 0 0 2 0 0
582 16 0 0 0 0 0 0 0 0
592 147 2 2 84 0 0 7 0 0
594 21 0 0 0 0 0 0 0 0
596 28 0 0 14 0 0 7 0 0
602 16 0 0 0 0 0 8 0 0
608 24 0 0 8 0 0 16 0 0
609 8 0 0 0 0 0 8 0 0
610 16 0 0 0 0 0 16 0 0
611 8 0 0 0 0 0 8 0 0
613 40 1 1 24 0 0 8 0 0
615 16 0 0 0 0 0 0 0 0
622 8 0 0 8 0 0 0 0 0
625 24 0 0 8 0 0 0 0 0
627 16 0 0 16 2 2 0 0 0
628 32 0 0 24 0 0 0 0 0
fn=_IO_file_write@@GLIBC_2.2.5
1254 196 1 1 0 0 0 112 1 0
1256 196 0 0 0 0 0 0 0 0
1260 84 0 0 28 0 0 0 0 0
1261 84 1 1 28 0 0 28 0 0
1262 56 0 0 0 0 0 0 0 0
1267 28 0 0 0 0 0 0 0 0
1268 28 0 0 0 0 0 0 0 0
1271 84 0 0 28 0 0 0 0 0
1274 252 1 1 140 0 0 0 0 0
fn=_IO_file_xsputn@@GLIBC_2.2.5
1281 4144 2 2 0 0 0 3108 2 0
1287 1036 0 0 0 0 0 0 0 0
1288 518 0 0 0 0 0 0 0 0
1294 2238 0 0 373 0 0 0 0 0
1296 1116 0 0 744 1 0 0 0 0
1297 744 0 0 0 0 0 0 0 0
1300 2976 1 1 0 0 0 0 0 0
1302 1722 0 0 574 0 0 0 0 0
1304 32 2 1 0 0 0 0 0 0
1311 6 1 1 2 0 0 0 0 0
1315 396 0 0 0 0 0 0 0 0
1320 1860 0 0 0 0 0 744 0 0
1325 372 0 0 0 0 0 0 0 0
1326 1116 0 0 0 0 0 0 0 0
1328 1119 0 0 0 0 0 0 0 0
1332 54 0 0 18 1 0 9 0 0
1338 18 0 0 18 0 0 0 0 0
1339 54 1 1 0 0 0 0 0 0
1341 27 0 0 0 0 0 0 0 0
1352 18 0 0 0 0 0 0 0 0
1353 54 0 0 0 0 0 9 0 0
1355 746 1 1 0 0 0 0 0 0
1356 4144 0 0 3626 0 0 0 0 0
fl=/build/eglibc-oGUzwX/eglibc-2.19/libio/genops.c
fn=_IO_cleanup
950 16 2 2 5 0 0 0 0 0
952 12 0 0 4 0 0 0 0 0
953 6 0 0 0 0 0 0 0 0
954 3 0 0 0 0 0 0 0 0
956 4 0 0 1 0 0 0 0 0
962 17 1 1 7 0 0 2 0 0
970 5 0 0 2 0 0 0 0 0
972 2 0 0 0 0 0 1 0 0
974 2 0 0 1 0 0 1 0 0
975 1 1 1 0 0 0 1 0 0
976 2 0 0 1 0 0 1 0 0
977 4 0 0 1 0 0 1 0 0
980 5 0 0 2 0 0 1 0 0
983 5 0 0 1 0 0 0 0 0
984 8 1 1 3 0 0 1 0 0
990 4 1 1 0 0 0 4 0 0
1010 5 1 1 0 0 0 4 0 0
1013 3 0 0 0 0 0 1 0 0
1025 7 0 0 5 0 0 0 0 0
fn=_IO_default_setbuf
400 5 0 0 1 0 0 0 0 0
402 1 0 0 0 0 0 1 0 0
403 1 0 0 0 0 0 1 0 0
407 2 1 1 0 0 0 1 0 0
557 6 1 1 0 0 0 3 0 0
558 4 1 1 2 0 0 1 0 0
560 2 0 0 0 0 0 0 0 0
562 2 0 0 0 0 0 1 0 0
563 2 0 0 0 0 0 0 0 0
567 2 0 0 1 0 0 0 0 0
570 3 0 0 0 0 0 3 0 0
571 3 0 0 0 0 0 3 0 0
572 1 0 0 0 0 0 0 0 0
573 4 1 1 4 0 0 0 0 0
fn=_IO_default_uflow
434 16 1 1 0 0 0 8 0 0
435 16 0 0 16 0 0 8 1 0
436 16 0 0 0 0 0 0 0 0
438 32 0 0 16 0 0 8 0 0
439 16 0 0 16 0 0 0 0 0
fn=_IO_default_xsputn
447 54 1 1 0 0 0 45 0 0
450 54 0 0 0 0 0 0 0 0
451 9 0 0 0 0 0 0 0 0
455 420 3 1 210 0 0 0 0 0
480 978 3 1 288 0 0 96 0 0
482 96 0 0 0 0 0 0 0 0
484 18 3 1 0 0 0 0 0 0
485 54 0 0 54 0 0 0 0 0
fn=_IO_doallocbuf
414 12 1 1 0 0 0 9 0 0
415 6 0 0 3 0 0 0 0 0
417 9 2 1 3 0 0 0 0 0
418 15 0 0 6 2 0 3 1 0
421 12 0 0 12 0 0 0 0 0
fn=_IO_flush_all_lockp
822 8 1 1 0 0 0 6 0 0
823 1 0 0 0 0 0 0 0 0
828 3 0 0 0 0 0 0 0 0
833 1 0 0 1 0 0 0 0 0
834 1 1 1 1 0 0 0 0 0
835 10 0 0 0 0 0 0 0 0
837 4 0 0 0 0 0 4 0 0
838 8 1 1 0 0 0 0 0 0
839 2 0 0 1 0 0 0 0 0
841 28 2 2 12 2 1 0 0 0
851 8 1 1 0 0 0 0 0 0
853 4 1 1 0 0 0 4 0 0
855 12 1 1 4 0 0 0 0 0
862 4 0 0 4 1 0 0 0 0
866 2 0 0 0 0 0 0 0 0
868 2 0 0 0 0 0 0 0 0
872 9 0 0 7 0 0 0 0 0
fn=_IO_link_in
99 8 1 1 0 0 0 4 0 0
100 6 1 1 2 0 0 0 0 0
102 2 0 0 0 0 0 1 0 0
104 6 0 0 1 0 0 2 0 0
105 13 2 2 5 1 0 2 0 0
106 1 0 0 0 0 0 1 1 1
107 18 1 1 10 0 0 1 0 0
109 2 1 1 1 1 0 1 0 0
110 1 0 0 0 0 0 1 0 0
111 1 0 0 1 0 0 0 0 0
113 15 2 2 5 0 0 2 0 0
114 1 0 0 0 0 0 1 0 0
115 9 1 1 2 0 0 2 0 0
116 2 0 0 0 0 0 0 0 0
119 8 0 0 6 0 0 0 0 0
fn=_IO_no_init
643 9 1 1 0 0 0 4 0 0
644 1 0 0 0 0 0 1 0 0
645 1 1 1 0 0 0 1 0 0
647 2 0 0 0 0 0 0 0 0
649 1 0 0 0 0 0 1 0 0
650 1 0 0 0 0 0 1 1 1
651 1 0 0 0 0 0 1 0 0
652 1 0 0 0 0 0 1 0 0
653 1 0 0 0 0 0 1 0 0
654 1 0 0 0 0 0 1 0 0
655 1 1 1 0 0 0 1 0 0
656 1 0 0 0 0 0 1 0 0
657 1 0 0 0 0 0 1 0 0
658 1 0 0 0 0 0 1 1 1
659 1 0 0 0 0 0 1 0 0
660 1 0 0 0 0 0 1 0 0
662 1 0 0 0 0 0 1 0 0
669 1 0 0 0 0 0 1 0 0
670 6 1 1 5 0 0 0 0 0
fn=_IO_old_init
610 2 0 0 0 0 0 1 0 0
611 1 0 0 0 0 0 1 0 0
612 1 0 0 0 0 0 1 1 1
613 1 0 0 0 0 0 1 0 0
614 1 0 0 0 0 0 1 0 0
615 1 0 0 0 0 0 1 0 0
616 1 0 0 0 0 0 1 0 0
617 1 1 1 0 0 0 1 0 0
618 1 0 0 0 0 0 1 0 0
619 1 0 0 0 0 0 1 0 0
620 1 0 0 0 0 0 1 0 0
622 1 0 0 0 0 0 1 0 0
623 1 0 0 0 0 0 1 0 0
624 1 0 0 0 0 0 1 0 0
625 1 0 0 0 0 0 1 0 0
626 2 2 2 0 0 0 1 0 0
631 3 0 0 1 0 0 0 0 0
632 4 0 0 1 0 0 3 1 1
fn=_IO_setb
399 15 1 1 0 0 0 6 1 0
400 12 0 0 6 0 0 0 0 0
402 3 0 0 0 0 0 3 0 0
403 3 0 0 0 0 0 3 0 0
405 18 0 0 0 0 0 3 0 0
408 12 0 0 9 0 0 0 0 0
fn=_IO_sputbackc
726 884 1 1 0 0 0 442 0 0
729 1326 0 0 884 0 0 0 0 0
730 884 0 0 442 0 0 0 0 0
732 1326 1 1 0 0 0 442 0 0
733 442 0 0 0 0 0 0 0 0
739 442 0 0 442 0 0 0 0 0
742 884 0 0 884 0 0 0 0 0
fn=_IO_switch_to_get_mode
182 16 1 1 0 0 0 8 0 0
183 24 0 0 16 0 0 0 0 0
186 24 1 1 8 0 0 0 0 0
190 16 0 0 8 0 0 8 0 0
191 16 0 0 8 0 0 0 0 0
194 8 0 0 0 0 0 8 0 0
196 16 0 0 0 0 0 16 0 0
198 16 0 0 0 0 0 8 0 0
199 8 0 0 0 0 0 0 0 0
200 16 0 0 16 0 0 0 0 0
fn=__overflow
241 39 1 1 13 0 0 0 0 0
243 39 1 1 26 1 0 0 0 0
fn=__uflow
363 16 1 1 0 0 0 8 0 0
365 40 1 1 8 0 0 0 0 0
371 40 1 1 24 0 0 0 0 0
374 16 0 0 0 0 0 0 0 0
376 16 0 0 0 0 0 0 0 0
382 16 0 0 8 0 0 0 0 0
387 24 2 2 8 0 0 0 0 0
389 32 0 0 16 1 0 0 0 0
390 8 0 0 8 0 0 0 0 0
fl=/build/eglibc-oGUzwX/eglibc-2.19/libio/iofopen.c
fn=__fopen_internal
65 8 1 1 0 0 0 4 0 0
73 3 1 1 0 0 0 1 0 0
75 2 0 0 0 0 0 0 0 0
78 2 0 0 0 0 0 1 1 1
81 6 0 0 0 0 0 1 0 0
85 2 0 0 0 0 0 1 0 0
86 2 1 1 0 0 0 1 0 0
90 7 0 0 0 0 0 1 0 0
91 2 0 0 0 0 0 0 0 0
96 5 0 0 4 1 0 0 0 0
fn=__fopen_maybe_mmap
40 1 0 0 0 0 0 0 0 0
42 2 1 1 1 0 0 0 0 0
57 1 0 0 1 0 0 0 0 0
fn=fopen@@GLIBC_2.2.5
103 2 1 1 0 0 0 0 0 0
fl=/build/eglibc-oGUzwX/eglibc-2.19/libio/ioputs.c
fn=puts
34 4 1 1 0 0 0 3 0 0
36 2 0 0 0 0 0 1 0 0
37 19 2 2 11 3 0 1 0 0
39 2 1 1 0 0 0 0 0 0
40 3 0 0 1 1 0 0 0 0
41 6 1 1 2 0 0 1 0 0
42 9 0 0 3 0 0 1 0 0
43 4 0 0 0 0 0 0 0 0
47 5 0 0 4 0 0 0 0 0
fl=/build/eglibc-oGUzwX/eglibc-2.19/libio/libioP.h
fn=_IO_file_underflow@@GLIBC_2.2.5
904 14 0 0 7 0 0 0 0 0
905 63 1 1 28 0 0 7 0 0
fn=putchar
904 24 0 0 12 0 0 0 0 0
905 96 0 0 48 0 0 12 0 0
fn=puts
904 2 1 1 1 0 0 0 0 0
905 8 0 0 4 0 0 1 0 0
fl=/build/eglibc-oGUzwX/eglibc-2.19/libio/putchar.c
fn=putchar
26 24 1 1 0 0 0 12 0 0
28 228 2 2 132 0 0 12 0 0
29 84 2 2 24 0 0 12 0 0
32 36 0 0 24 0 0 0 0 0
fl=/build/eglibc-oGUzwX/eglibc-2.19/malloc/arena.c
fn=malloc_hook_ini
373 3 0 0 1 1 1 0 0 0
fn=ptmalloc_init.part.7
334 204 0 0 68 10 0 0 0 0
336 134 0 0 67 33 0 0 0 0
337 2 1 1 1 0 0 0 0 0
338 2 0 0 1 0 0 0 0 0
352 67 0 0 0 0 0 0 0 0
371 6 1 1 0 0 0 5 0 0
376 1 0 0 0 0 0 1 0 0
384 2 1 1 1 0 0 0 0 0
385 7 1 1 0 0 0 1 0 0
386 4 0 0 2 0 0 0 0 0
391 3 0 0 1 1 0 1 1 0
392 12 1 1 1 1 0 6 2 2
394 5 1 1 2 1 0 0 0 0
410 2 0 0 0 0 0 0 0 0
455 2 0 0 0 0 0 0 0 0
461 2 1 1 2 1 1 0 0 0
462 2 0 0 0 0 0 0 0 0
464 1 0 0 0 0 0 1 1 0
465 7 0 0 6 1 0 0 0 0
fl=/build/eglibc-oGUzwX/eglibc-2.19/malloc/hooks.c
fn=malloc_hook_ini
29 4 0 0 1 0 0 2 0 0
30 2 1 1 1 0 0 1 0 0
32 1 0 0 0 0 0 0 0 0
33 1 0 0 0 0 0 0 0 0
fl=/build/eglibc-oGUzwX/eglibc-2.19/malloc/malloc.c
fn=_int_malloc
1862 3 0 0 1 1 1 0 0 0
2271 5 1 1 2 2 0 2 0 0
2272 2 1 1 0 0 0 0 0 0
2282 2 0 0 1 1 1 0 0 0
2360 1 0 0 0 0 0 0 0 0
2369 4 2 2 0 0 0 0 0 0
2378 3 1 1 0 0 0 0 0 0
2433 2 1 1 1 0 0 0 0 0
2442 5 0 0 1 0 0 0 0 0
2452 9 1 1 1 0 0 2 0 0
2460 2 1 1 0 0 0 0 0 0
2462 6 0 0 3 1 0 2 0 0
2466 5 0 0 2 0 0 0 0 0
2469 2 0 0 2 0 0 0 0 0
2470 2 0 0 0 0 0 0 0 0
2489 1 1 1 0 0 0 0 0 0
2516 2 0 0 1 1 1 0 0 0
2517 1 0 0 0 0 0 1 0 0
2518 3 0 0 1 0 0 1 0 0
2524 2 0 0 0 0 0 0 0 0
2527 8 3 3 1 0 0 0 0 0
2569 6 2 2 0 0 0 0 0 0
2588 1 0 0 0 0 0 0 0 0
2591 2 0 0 0 0 0 0 0 0
2592 7 1 1 2 0 0 0 0 0
2594 2 0 0 0 0 0 0 0 0
2595 4 0 0 2 0 0 2 0 0
2607 3 0 0 1 0 0 0 0 0
2615 2 0 0 2 0 0 0 0 0
2616 3 1 1 1 0 0 0 0 0
2654 1 0 0 0 0 0 1 0 0
2655 5 0 0 0 0 0 1 1 1
2656 2 0 0 0 0 0 1 0 0
2667 2 0 0 0 0 0 0 0 0
2700 2 1 1 1 0 0 0 0 0
2701 1 0 0 0 0 0 1 0 0
2706 2 0 0 1 0 0 0 0 0
2709 2 1 1 1 0 0 0 0 0
2711 1 0 0 0 0 0 0 0 0
2712 1 0 0 0 0 0 0 0 0
2713 1 0 0 0 0 0 1 0 0
2714 8 0 0 0 0 0 1 0 0
2715 2 0 0 0 0 0 1 1 1
2717 1 0 0 0 0 0 0 0 0
3302 8 2 2 0 0 0 7 1 0
3332 10 0 0 0 0 0 0 0 0
3340 2 0 0 1 1 1 0 0 0
3377 2 1 1 0 0 0 0 0 0
3379 2 0 0 0 0 0 0 0 0
3380 2 1 1 0 0 0 0 0 0
3382 3 0 0 1 1 1 0 0 0
3384 2 0 0 0 0 0 0 0 0
3423 4 1 1 1 0 0 2 0 0
3442 5 1 1 1 0 0 0 0 0
3576 2 2 2 0 0 0 0 0 0
3649 1 0 0 0 0 0 0 0 0
3650 2 0 0 0 0 0 0 0 0
3651 2 0 0 0 0 0 0 0 0
3652 2 0 0 1 0 0 0 0 0
3653 2 0 0 0 0 0 0 0 0
3658 6 0 0 0 0 0 0 0 0
3662 9 1 1 0 0 0 0 0 0
3665 8 0 0 2 1 0 0 0 0
3765 1 1 1 1 0 0 0 0 0
3766 3 0 0 1 0 0 0 0 0
3768 3 0 0 0 0 0 0 0 0
3785 2 0 0 1 0 0 0 0 0
3790 4 1 1 0 0 0 1 0 0
3792 25 1 1 0 0 0 10 0 0
3801 2 0 0 0 0 0 0 0 0
3806 9 1 1 7 0 0 0 0 0
4990 4 1 1 0 0 0 2 0 0
4992 3 0 0 1 0 0 1 0 0
5000 1 1 1 0 0 0 1 0 0
fn=malloc
2876 8 1 1 0 0 0 4 0 0
2881 4 0 0 4 3 0 0 0 0
2882 4 0 0 0 0 0 0 0 0
2883 2 1 1 1 0 0 0 0 0
2885 2 1 1 2 0 0 0 0 0
2887 8 0 0 2 1 0 0 0 0
2891 4 0 0 0 0 0 1 0 0
2892 2 1 1 0 0 0 0 0 0
2903 4 0 0 2 0 0 0 0 0
2904 8 0 0 1 0 0 0 0 0
2907 8 1 1 6 0 0 0 0 0
fn=malloc_consolidate
1785 381 0 0 0 0 0 0 0 0
1788 381 0 0 0 0 0 254 31 31
1792 3 0 0 0 0 0 0 0 0
1796 3 1 1 1 0 0 1 0 0
1797 2 1 1 0 0 0 1 0 0
1799 1 0 0 0 0 0 1 1 1
4104 8 2 2 0 0 0 6 1 0
4126 5 0 0 1 0 0 0 0 0
4199 8 0 0 7 0 0 0 0 0
4996 1 1 1 0 0 0 0 0 0
fl=/build/eglibc-oGUzwX/eglibc-2.19/malloc/morecore.c
fn=__default_morecore
46 2 1 1 0 0 0 0 0 0
47 2 0 0 0 0 0 2 0 0
49 6 0 0 0 0 0 0 0 0
52 6 0 0 2 0 0 0 0 0
fl=/build/eglibc-oGUzwX/eglibc-2.19/misc/../sysdeps/unix/syscall-template.S
fn=mmap
81 60 3 3 0 0 0 0 0 0
82 12 0 0 12 0 0 0 0 0
fn=mprotect
81 24 1 1 0 0 0 0 0 0
82 6 0 0 6 0 0 0 0 0
fn=munmap
81 4 0 0 0 0 0 0 0 0
82 1 0 0 1 0 0 0 0 0
fl=/build/eglibc-oGUzwX/eglibc-2.19/misc/../sysdeps/unix/sysv/linux/x86_64/brk.c
fn=brk
28 2 0 0 0 0 0 0 0 0
31 16 1 1 2 0 0 2 0 0
33 4 0 0 0 0 0 0 0 0
39 2 0 0 0 0 0 0 0 0
40 2 0 0 2 0 0 0 0 0
fl=/build/eglibc-oGUzwX/eglibc-2.19/misc/init-misc.c
fn=__init_misc
30 4 1 1 0 0 0 2 0 0
31 5 0 0 1 0 0 0 0 0
33 3 0 0 0 0 0 1 0 0
37 5 0 0 1 0 0 1 1 0
38 3 1 1 2 0 0 1 0 0
40 4 0 0 3 0 0 0 0 0
fl=/build/eglibc-oGUzwX/eglibc-2.19/misc/sbrk.c
fn=sbrk
34 8 1 1 0 0 0 6 0 0
42 11 1 1 5 3 1 0 0 0
43 6 1 1 1 0 0 1 0 0
46 4 0 0 0 0 0 0 0 0
50 4 0 0 0 0 0 0 0 0
53 3 0 0 0 0 0 1 0 0
57 10 0 0 8 0 0 0 0 0
fl=/build/eglibc-oGUzwX/eglibc-2.19/nptl/../nptl/sysdeps/unix/sysv/linux/register-atfork.c
fn=__linkin_atfork
116 2 1 1 1 1 1 1 0 0
117 6 0 0 2 1 0 0 0 0
119 1 0 0 1 0 0 0 0 0
fl=/build/eglibc-oGUzwX/eglibc-2.19/nptl/../nptl/sysdeps/unix/sysv/linux/unregister-atfork.c
fn=__unregister_atfork
28 2 0 0 0 0 0 1 0 0
36 1 1 1 1 0 0 0 0 0
39 4 0 0 0 0 0 0 0 0
40 3 0 0 1 0 0 0 0 0
45 1 0 0 1 0 0 0 0 0
121 2 0 0 2 0 0 0 0 0
fl=/build/eglibc-oGUzwX/eglibc-2.19/posix/../sysdeps/unix/syscall-template.S
fn=uname
81 4 1 1 0 0 0 0 0 0
82 1 0 0 1 0 0 0 0 0
fl=/build/eglibc-oGUzwX/eglibc-2.19/posix/../sysdeps/unix/sysv/linux/_exit.c
fn=_Exit
28 2 1 1 1 0 0 0 0 0
32 4 0 0 0 0 0 0 0 0
34 2 0 0 0 0 0 0 0 0
fl=/build/eglibc-oGUzwX/eglibc-2.19/setjmp/../sysdeps/x86_64/bsd-_setjmp.S
fn=_setjmp
30 1 1 1 0 0 0 0 0 0
32 1 0 0 0 0 0 0 0 0
fl=/build/eglibc-oGUzwX/eglibc-2.19/setjmp/../sysdeps/x86_64/setjmp.S
fn=__sigsetjmp
26 4 2 2 0 0 0 4 0 0
35 4 0 0 0 0 0 0 0 0
36 8 2 2 4 0 0 0 0 0
37 4 0 0 0 0 0 4 0 0
41 4 0 0 0 0 0 4 0 0
42 4 0 0 0 0 0 4 1 1
43 4 0 0 0 0 0 4 0 0
44 4 0 0 0 0 0 4 0 0
45 4 0 0 0 0 0 0 0 0
47 8 0 0 4 0 0 0 0 0
49 4 0 0 0 0 0 4 0 0
50 4 0 0 4 0 0 0 0 0
53 8 0 0 4 0 0 0 0 0
55 4 1 1 0 0 0 4 0 0
59 3 0 0 0 0 0 0 0 0
60 3 0 0 3 0 0 0 0 0
64 1 0 0 0 0 0 0 0 0
fl=/build/eglibc-oGUzwX/eglibc-2.19/setjmp/sigjmp.c
fn=__sigjmp_save
28 2 0 0 0 0 0 1 0 0
29 4 0 0 0 0 0 1 0 0
34 3 0 0 2 0 0 0 0 0
fl=/build/eglibc-oGUzwX/eglibc-2.19/stdio-common/../libio/libioP.h
fn=__isoc99_fscanf
913 144 0 0 144 0 0 0 0 0
914 288 0 0 144 0 0 0 0 0
915 1152 1 1 576 0 0 144 0 0
fn=__isoc99_scanf
913 9 0 0 9 0 0 0 0 0
914 18 0 0 9 0 0 0 0 0
915 72 1 1 36 0 0 9 0 0
fl=/build/eglibc-oGUzwX/eglibc-2.19/stdio-common/../nptl/sysdeps/pthread/allocalim.h
fn=_IO_vfscanf
28 81 0 0 0 0 0 0 0 0
fl=/build/eglibc-oGUzwX/eglibc-2.19/stdio-common/_itoa.c
fn=_itoa_word
168 672 1 1 0 0 0 0 0 0
170 336 0 0 0 0 0 0 0 0
179 2424 2 2 174 1 1 174 0 0
188 336 0 0 168 0 0 0 0 0
fl=/build/eglibc-oGUzwX/eglibc-2.19/stdio-common/isoc99_fscanf.c
fn=__isoc99_fscanf
26 1440 3 3 0 0 0 720 0 0
30 2304 1 1 1296 0 0 144 0 0
31 144 0 0 144 0 0 0 0 0
33 864 1 1 0 0 0 576 0 0
34 864 0 0 0 0 0 144 0 0
39 576 0 0 288 0 0 0 0 0
fl=/build/eglibc-oGUzwX/eglibc-2.19/stdio-common/isoc99_scanf.c
fn=__isoc99_scanf
27 99 3 2 0 0 0 63 0 0
32 180 4 2 108 5 1 9 0 0
34 9 0 0 9 2 1 0 0 0
36 54 1 1 0 0 0 36 0 0
37 54 0 0 9 0 0 9 0 0
44 45 0 0 27 0 0 0 0 0
fl=/build/eglibc-oGUzwX/eglibc-2.19/stdio-common/printf-parse.h
fn=vfprintf
108 1396 0 0 0 0 0 698 2 0
fl=/build/eglibc-oGUzwX/eglibc-2.19/stdio-common/printf.c
fn=printf
28 1629 1 1 0 0 0 905 0 0
32 1086 2 2 0 0 0 724 0 0
33 724 0 0 362 0 0 181 0 0
37 362 0 0 181 0 0 0 0 0
fl=/build/eglibc-oGUzwX/eglibc-2.19/stdio-common/vfprintf.c
fn=vfprintf
235 1991 1 1 0 0 0 1086 0 0
240 168 1 1 0 0 0 168 0 0
270 543 0 0 362 0 0 181 2 0
274 168 0 0 0 0 0 168 0 0
277 168 0 0 0 0 0 168 0 0
283 168 0 0 0 0 0 168 1 0
1295 904 2 1 181 1 0 1 0 0
1299 905 0 0 181 1 1 0 0 0
1310 362 0 0 0 0 0 0 0 0
1317 168 0 0 0 0 0 168 0 0
1321 1086 1 1 543 0 0 543 2 0
1325 168 0 0 0 0 0 168 0 0
1332 181 0 0 0 0 0 181 0 0
1336 1810 3 2 362 0 0 724 0 0
1337 2715 2 1 1448 2 1 181 0 0
1340 2353 2 2 543 1 0 543 0 0
1344 543 1 1 362 0 0 0 0 0
1348 1176 1 1 504 1 0 0 0 0
1375 168 0 0 0 0 0 168 1 0
1376 168 1 1 0 0 0 168 0 0
1377 168 0 0 0 0 0 168 0 0
1378 168 0 0 0 0 0 168 0 0
1379 168 0 0 0 0 0 168 1 0
1380 168 0 0 0 0 0 168 0 0
1381 168 0 0 0 0 0 168 0 0
1382 168 1 1 0 0 0 168 0 0
1383 168 0 0 0 0 0 168 0 0
1384 168 0 0 0 0 0 168 0 0
1385 168 0 0 0 0 0 168 0 0
1388 168 0 0 0 0 0 168 0 0
1389 168 0 0 0 0 0 168 0 0
1392 168 0 0 0 0 0 168 0 0
1393 168 0 0 0 0 0 0 0 0
1396 2856 2 2 672 2 2 336 0 0
1559 504 0 0 0 0 0 168 0 0
1580 336 0 0 0 0 0 168 0 0
1660 17916 29 23 6186 0 0 1848 0 0
1680 336 1 1 168 0 0 0 0 0
1682 168 0 0 0 0 0 168 0 0
1688 672 1 1 168 0 0 336 0 0
1692 3864 1 1 840 0 0 504 0 0
1694 336 0 0 168 0 0 0 0 0
2091 336 1 1 168 0 0 0 0 0
2093 336 0 0 168 0 0 0 0 0
2095 336 0 0 168 0 0 0 0 0
2098 1810 1 1 905 0 0 181 0 0
2099 543 1 1 181 0 0 0 0 0
2101 181 0 0 181 0 0 0 0 0
2102 1448 0 0 1267 0 0 0 0 0
fl=/build/eglibc-oGUzwX/eglibc-2.19/stdio-common/vfscanf.c
fn=_IO_vfscanf
214 1836 2 2 0 0 0 1224 2 0
218 153 0 0 0 0 0 153 0 0
219 153 0 0 0 0 0 0 0 0
220 153 0 0 0 0 0 0 0 0
223 9 0 0 0 0 0 0 0 0
225 459 0 0 306 1 0 153 1 0
226 306 0 0 153 1 0 153 0 0
230 153 0 0 0 0 0 153 0 0
250 153 0 0 0 0 0 153 0 0
262 153 0 0 0 0 0 153 0 0
263 153 0 0 0 0 0 153 0 0
264 153 1 1 0 0 0 153 0 0
265 153 0 0 0 0 0 153 0 0
269 153 0 0 0 0 0 0 0 0
272 153 0 0 0 0 0 153 0 0
273 153 0 0 0 0 0 153 0 0
275 153 1 1 0 0 0 153 0 0
314 918 1 1 459 0 0 459 0 0
320 763 0 0 153 2 0 2 0 0
323 765 0 0 153 0 0 0 0 0
327 306 1 1 306 0 0 0 0 0
335 306 0 0 153 2 0 153 0 0
341 153 0 0 153 0 0 0 0 0
343 612 0 0 153 2 1 153 0 0
358 2295 3 3 918 1 0 459 0 0
363 153 0 0 0 0 0 153 0 0
367 1224 1 1 306 1 0 0 0 0
404 891 0 0 0 0 0 0 0 0
429 594 0 0 0 0 0 297 0 0
430 594 0 0 0 0 0 0 0 0
433 720 1 1 432 0 0 0 0 0
440 1296 0 0 432 0 0 144 0 0
448 288 0 0 0 0 0 0 0 0
456 585 2 2 153 0 0 0 0 0
458 576 1 1 0 0 0 144 0 0
459 144 0 0 0 0 0 0 0 0
469 1071 1 1 306 0 0 153 0 0
472 149 1 1 0 0 0 0 0 0
475 612 2 2 153 0 0 0 0 0
493 1377 3 3 153 0 0 0 0 0
514 765 0 0 0 0 0 153 0 0
521 306 0 0 0 0 0 153 0 0
524 1683 3 3 153 2 1 0 0 0
604 306 0 0 0 0 0 0 0 0
609 918 1 1 0 0 0 0 0 0
610 765 0 0 0 0 0 4 0 0
613 298 1 1 298 0 0 0 0 0
614 894 0 0 298 0 0 149 0 0
620 2826 3 3 942 3 2 332 0 0
623 1381 0 0 616 4 2 0 0 0
624 298 0 0 0 0 0 298 0 0
625 1490 1 1 149 0 0 447 0 0
629 1224 0 0 153 2 1 0 0 0
691 8 1 1 4 0 0 0 0 0
694 20 1 1 4 0 0 4 0 0
729 76 3 3 28 0 0 8 0 0
732 42 3 3 10 0 0 4 0 0
791 36 1 1 12 0 0 4 0 0
829 20 1 1 4 0 0 8 0 0
831 8 0 0 0 0 0 0 0 0
839 12 0 0 4 0 0 0 0 0
1003 8 0 0 0 0 0 4 0 0
1005 8 1 1 4 0 0 0 0 0
1385 149 0 0 0 0 0 0 0 0
1386 149 1 1 149 0 0 0 0 0
1394 1341 2 2 447 0 0 149 0 0
1399 596 0 0 0 0 0 0 0 0
1401 122 0 0 0 0 0 0 0 0
1408 813 1 1 122 0 0 0 0 0
1411 488 1 1 122 0 0 0 0 0
1413 2440 3 3 488 0 0 366 0 0
1414 854 0 0 366 2 2 122 0 0
1416 976 0 0 488 2 2 0 0 0
1428 366 0 0 0 0 0 0 0 0
1431 54 0 0 0 0 0 0 0 0
1434 894 2 2 149 0 0 0 0 0
1720 708 0 0 0 0 0 0 0 0
1722 354 1 1 177 0 0 0 0 0
1724 28 1 1 0 0 0 0 0 0
1727 1211 1 1 177 0 0 447 0 0
1729 1937 1 1 894 0 0 298 0 0
1777 679 5 5 0 0 0 28 0 0
1779 112 0 0 0 0 0 0 0 0
1781 280 1 1 84 0 0 28 0 0
1784 298 0 0 0 0 0 0 0 0
1785 1186 1 1 296 0 0 0 0 0
1811 1639 1 1 298 0 0 447 0 0
1814 596 0 0 298 0 0 149 0 0
1824 447 0 0 149 0 0 0 0 0
1825 894 1 1 149 0 0 149 0 0
1829 596 0 0 298 0 0 0 0 0
1832 298 0 0 149 0 0 0 0 0
1834 298 0 0 0 0 0 0 0 0
1838 298 1 1 149 0 0 0 0 0
1840 298 1 1 149 0 0 0 0 0
1842 298 3 1 149 0 0 0 0 0
1843 447 0 0 149 0 0 0 0 0
1857 1490 1 1 447 0 0 298 16 16
2156 306 0 0 0 0 0 153 0 0
2374 447 1 1 149 0 0 0 0 0
2590 306 0 0 0 0 0 153 0 0
2933 18 0 0 0 0 0 0 0 0
2943 1224 2 2 612 0 0 0 0 0
2945 306 1 1 153 0 0 0 0 0
2948 459 0 0 153 0 0 0 0 0
2951 306 0 0 153 0 0 0 0 0
2968 459 0 0 306 0 0 0 0 0
2974 1224 1 1 1071 0 0 0 0 0
fl=/build/eglibc-oGUzwX/eglibc-2.19/stdlib/../stdlib/strtol.c
fn=__strtol_internal
97 447 1 1 298 0 0 0 0 0
fl=/build/eglibc-oGUzwX/eglibc-2.19/stdlib/../stdlib/strtol_l.c
fn=____strtol_l_internal
232 1341 2 2 0 0 0 1043 1 0
246 149 0 0 149 0 0 0 0 0
252 149 0 0 0 0 0 0 0 0
258 298 0 0 0 0 0 0 0 0
279 149 0 0 0 0 0 0 0 0
280 149 0 0 0 0 0 0 0 0
289 596 0 0 0 0 0 0 0 0
298 894 0 0 447 0 0 0 0 0
300 298 2 1 0 0 0 0 0 0
304 149 0 0 0 0 0 149 0 0
305 298 0 0 0 0 0 0 0 0
310 298 0 0 0 0 0 0 0 0
314 298 2 1 0 0 0 0 0 0
316 244 1 1 0 0 0 0 0 0
324 54 0 0 0 0 0 0 0 0
331 447 0 0 0 0 0 0 0 0
334 745 3 1 0 0 0 0 0 0
376 149 0 0 0 0 0 0 0 0
379 447 0 0 149 2 1 0 0 0
380 447 1 1 149 2 1 149 0 0
382 149 0 0 0 0 0 0 0 0
383 149 0 0 0 0 0 0 0 0
384 149 0 0 0 0 0 0 0 0
438 1048 3 1 150 0 0 0 0 0
440 450 1 1 0 0 0 0 0 0
442 450 0 0 0 0 0 0 0 0
456 298 0 0 0 0 0 149 0 0
470 450 1 1 0 0 0 0 0 0
473 600 0 0 0 0 0 0 0 0
478 299 0 0 0 0 0 0 0 0
479 300 0 0 0 0 0 0 0 0
484 298 0 0 0 0 0 0 0 0
489 447 0 0 149 0 0 0 0 0
490 149 0 0 0 0 0 149 0 0
495 298 0 0 0 0 0 0 0 0
496 447 3 2 0 0 0 0 0 0
498 447 0 0 149 0 0 0 0 0
513 149 0 0 0 0 0 0 0 0
531 1192 0 0 1043 0 0 0 0 0
fl=/build/eglibc-oGUzwX/eglibc-2.19/stdlib/cxa_atexit.c
fn=__cxa_atexit
35 2 0 0 0 0 0 1 0 0
37 2 0 0 0 0 0 0 0 0
41 3 1 1 1 0 0 0 0 0
43 1 0 0 0 0 0 1 0 0
44 1 0 0 0 0 0 1 0 0
45 1 0 0 0 0 0 1 0 0
47 1 0 0 0 0 0 1 0 0
48 1 0 0 0 0 0 0 0 0
57 6 1 1 0 0 0 3 0 0
59 4 0 0 4 0 0 0 0 0
fn=__new_exitfn
73 4 1 1 0 0 0 2 0 0
74 2 0 0 0 0 0 0 0 0
79 6 1 1 2 2 2 0 0 0
81 8 1 1 2 1 0 0 0 0
83 3 0 0 1 1 0 0 0 0
91 1 0 0 0 0 0 1 0 0
112 1 1 1 0 0 0 0 0 0
113 2 0 0 0 0 0 1 0 0
126 1 1 1 0 0 0 1 0 0
127 1 0 0 1 1 1 0 0 0
130 4 0 0 2 0 0 0 0 0
133 5 0 0 3 0 0 0 0 0
fl=/build/eglibc-oGUzwX/eglibc-2.19/stdlib/cxa_finalize.c
fn=__cxa_finalize
31 8 1 1 0 0 0 6 0 0
35 7 2 2 2 0 0 0 0 0
39 6 0 0 1 0 0 0 0 0
48 1 0 0 0 0 0 0 0 0
67 7 0 0 2 0 0 0 0 0
71 6 1 1 1 1 0 0 0 0
79 2 0 0 0 0 0 0 0 0
80 2 0 0 0 0 0 0 0 0
82 7 1 1 6 0 0 0 0 0
fl=/build/eglibc-oGUzwX/eglibc-2.19/stdlib/cxa_thread_atexit_impl.c
fn=__call_tls_dtors
82 3 1 1 0 0 0 3 0 0
83 5 1 1 1 1 0 1 0 0
101 4 1 1 4 0 0 0 0 0
fl=/build/eglibc-oGUzwX/eglibc-2.19/stdlib/exit.c
fn=__run_exit_handlers
35 8 1 1 0 0 0 4 0 0
40 2 0 0 1 1 0 1 0 0
46 8 0 0 2 1 0 0 0 0
50 6 1 1 0 0 0 0 0 0
52 1 0 0 0 0 0 1 0 0
53 1 0 0 0 0 0 0 0 0
54 5 0 0 1 0 0 0 0 0
78 1 1 1 1 0 0 0 0 0
80 2 0 0 1 0 0 0 0 0
82 3 0 0 1 0 0 1 0 0
83 1 0 0 0 0 0 0 0 0
87 2 0 0 1 0 0 1 0 0
88 2 0 0 0 0 0 0 0 0
94 2 1 1 0 0 0 0 0 0
95 8 0 0 1 1 0 1 0 0
97 2 0 0 0 0 0 1 0 0
fn=exit
103 1 0 0 0 0 0 0 0 0
104 3 1 1 0 0 0 1 0 0
fl=/build/eglibc-oGUzwX/eglibc-2.19/string/../bits/stdlib-bsearch.h
fn=intel_check_word
27 13 1 1 0 0 0 0 0 0
28 26 0 0 0 0 0 0 0 0
29 170 1 1 0 0 0 0 0 0
31 235 0 0 0 0 0 0 0 0
32 87 1 1 0 0 0 0 0 0
37 23 0 0 0 0 0 0 0 0
fl=/build/eglibc-oGUzwX/eglibc-2.19/string/../string/memcmp.c
fn=bcmp
105 10 0 0 10 0 0 0 0 0
106 20 0 0 10 0 0 0 0 0
110 22 1 1 0 0 0 0 0 0
111 6 1 1 0 0 0 0 0 0
129 21 1 1 0 0 0 0 0 0
133 3 1 1 3 2 2 0 0 0
134 3 0 0 3 0 0 0 0 0
135 3 0 0 0 0 0 0 0 0
136 3 0 0 0 0 0 0 0 0
137 3 1 1 0 0 0 0 0 0
183 3 0 0 3 1 1 0 0 0
184 3 0 0 3 0 0 0 0 0
185 18 0 0 0 0 0 4 1 1
192 2 1 1 0 0 0 0 0 0
197 2 1 1 0 0 0 0 0 0
221 1 0 0 0 0 0 0 0 0
222 2 0 0 0 0 0 0 0 0
226 2 0 0 0 0 0 0 0 0
228 7 1 1 0 0 0 0 0 0
232 1 0 0 1 0 0 0 0 0
233 1 0 0 1 0 0 0 0 0
234 1 0 0 1 0 0 0 0 0
235 1 0 0 0 0 0 0 0 0
236 1 0 0 0 0 0 0 0 0
237 1 0 0 0 0 0 0 0 0
289 1 0 0 1 0 0 0 0 0
290 1 0 0 1 0 0 0 0 0
291 6 0 0 0 0 0 0 0 0
292 2 0 0 0 0 0 0 0 0
299 2 0 0 0 0 0 0 0 0
304 6 1 1 0 0 0 0 0 0
305 2 0 0 0 0 0 0 0 0
315 91 2 2 0 0 0 78 1 1
318 13 0 0 0 0 0 0 0 0
319 13 0 0 0 0 0 0 0 0
322 26 0 0 0 0 0 0 0 0
326 12 0 0 0 0 0 0 0 0
342 12 1 1 0 0 0 0 0 0
343 8 0 0 0 0 0 0 0 0
346 4 0 0 0 0 0 0 0 0
350 6 0 0 0 0 0 0 0 0
351 2 0 0 0 0 0 0 0 0
352 2 0 0 0 0 0 0 0 0
356 162 1 1 0 0 0 0 0 0
358 72 0 0 72 1 1 0 0 0
359 72 0 0 72 6 6 0 0 0
360 72 0 0 0 0 0 0 0 0
363 233 0 0 0 0 0 0 0 0
368 9 1 1 0 0 0 0 0 0
369 104 0 0 91 0 0 0 0 0
fl=/build/eglibc-oGUzwX/eglibc-2.19/string/../string/strstr.c
fn=__GI_strstr
53 8 1 1 0 0 0 6 0 0
58 2 0 0 0 0 0 0 0 0
63 4 1 1 1 0 0 0 0 0
65 2 1 1 1 1 1 0 0 0
66 1 1 1 0 0 0 0 0 0
89 8 0 0 7 0 0 0 0 0
fl=/build/eglibc-oGUzwX/eglibc-2.19/string/../sysdeps/x86_64/memcpy.S
fn=__GI_mempcpy
61 372 1 1 0 0 0 0 0 0
65 372 0 0 0 0 0 0 0 0
68 372 0 0 0 0 0 0 0 0
69 372 0 0 0 0 0 0 0 0
71 366 0 0 366 0 0 0 0 0
72 366 0 0 0 0 0 366 1 0
74 366 0 0 0 0 0 0 0 0
75 366 0 0 0 0 0 0 0 0
80 372 0 0 0 0 0 0 0 0
81 372 0 0 0 0 0 0 0 0
83 7 0 0 7 0 0 0 0 0
84 7 0 0 0 0 0 7 0 0
86 7 0 0 0 0 0 0 0 0
87 7 0 0 0 0 0 0 0 0
92 372 0 0 0 0 0 0 0 0
93 372 0 0 0 0 0 0 0 0
95 3 0 0 3 0 0 0 0 0
96 3 0 0 0 0 0 3 0 0
98 3 0 0 0 0 0 0 0 0
99 3 0 0 0 0 0 0 0 0
104 372 0 0 0 0 0 0 0 0
105 372 0 0 0 0 0 0 0 0
107 4 0 0 4 0 0 0 0 0
108 4 0 0 0 0 0 4 0 0
110 4 0 0 0 0 0 0 0 0
111 8 0 0 0 0 0 0 0 0
116 372 1 1 0 0 0 0 0 0
117 377 0 0 0 0 0 0 0 0
122 5 0 0 5 0 0 0 0 0
123 5 0 0 5 0 0 0 0 0
124 5 0 0 0 0 0 5 0 0
125 5 0 0 0 0 0 5 1 1
127 5 0 0 0 0 0 0 0 0
129 5 0 0 0 0 0 0 0 0
130 5 0 0 0 0 0 0 0 0
132 5 0 0 0 0 0 0 0 0
138 372 0 0 0 0 0 0 0 0
142 372 0 0 372 0 0 0 0 0
fn=mempcpy
61 55 1 1 0 0 0 0 0 0
65 55 0 0 0 0 0 0 0 0
68 54 0 0 0 0 0 0 0 0
69 54 0 0 0 0 0 0 0 0
71 15 0 0 15 1 1 0 0 0
72 15 0 0 0 0 0 15 1 1
74 15 1 1 0 0 0 0 0 0
75 15 0 0 0 0 0 0 0 0
80 54 0 0 0 0 0 0 0 0
81 54 0 0 0 0 0 0 0 0
83 38 0 0 38 0 0 0 0 0
84 38 0 0 0 0 0 38 0 0
86 38 0 0 0 0 0 0 0 0
87 38 0 0 0 0 0 0 0 0
92 54 0 0 0 0 0 0 0 0
93 54 0 0 0 0 0 0 0 0
95 17 0 0 17 0 0 0 0 0
96 17 0 0 0 0 0 17 0 0
98 17 0 0 0 0 0 0 0 0
99 17 0 0 0 0 0 0 0 0
104 54 0 0 0 0 0 0 0 0
105 54 0 0 0 0 0 0 0 0
107 31 0 0 31 0 0 0 0 0
108 31 0 0 0 0 0 31 1 1
110 31 0 0 0 0 0 0 0 0
111 62 0 0 0 0 0 0 0 0
116 54 1 1 0 0 0 0 0 0
117 58 0 0 0 0 0 0 0 0
122 4 0 0 4 1 0 0 0 0
123 4 0 0 4 0 0 0 0 0
124 4 0 0 0 0 0 4 1 1
125 4 0 0 0 0 0 4 0 0
127 4 0 0 0 0 0 0 0 0
129 4 0 0 0 0 0 0 0 0
130 4 0 0 0 0 0 0 0 0
132 4 0 0 0 0 0 0 0 0
138 54 0 0 0 0 0 0 0 0
142 54 0 0 54 0 0 0 0 0
154 6 0 0 0 0 0 0 0 0
156 6 0 0 0 0 0 0 0 0
157 6 0 0 0 0 0 0 0 0
183 6 1 1 0 0 0 0 0 0
184 6 0 0 0 0 0 0 0 0
187 6 0 0 0 0 0 0 0 0
188 6 0 0 0 0 0 0 0 0
189 6 0 0 0 0 0 0 0 0
194 6 0 0 0 0 0 0 0 0
196 6 0 0 6 0 0 0 0 0
197 6 0 0 6 0 0 0 0 0
198 6 0 0 6 0 0 0 0 0
199 6 1 1 6 0 0 0 0 0
201 6 0 0 0 0 0 6 1 1
202 6 0 0 0 0 0 6 1 1
203 6 0 0 0 0 0 6 0 0
204 6 0 0 0 0 0 6 1 1
206 6 0 0 0 0 0 0 0 0
207 6 0 0 0 0 0 0 0 0
209 6 0 0 0 0 0 0 0 0
231 6 1 1 0 0 0 0 0 0
233 6 0 0 0 0 0 0 0 0
235 1 0 0 0 0 0 0 0 0
242 1 0 0 1 0 0 0 0 0
fl=/build/eglibc-oGUzwX/eglibc-2.19/string/../sysdeps/x86_64/multiarch/../cacheinfo.c
fn=handle_intel
305 16 0 0 0 0 0 12 0 0
306 4 1 1 0 0 0 0 0 0
317 6 1 1 0 0 0 2 0 0
319 2 0 0 0 0 0 2 0 0
320 4 0 0 0 0 0 2 0 0
322 2 0 0 0 0 0 0 0 0
328 8 2 2 0 0 0 2 0 0
333 4 0 0 0 0 0 0 0 0
335 6 0 0 0 0 0 2 0 0
336 2 0 0 0 0 0 0 0 0
340 10 0 0 0 0 0 2 0 0
341 4 0 0 0 0 0 0 0 0
344 10 0 0 0 0 0 2 0 0
345 4 0 0 0 0 0 0 0 0
348 5 0 0 0 0 0 1 0 0
349 2 0 0 0 0 0 0 0 0
352 5 0 0 1 0 0 1 0 0
353 2 0 0 0 0 0 0 0 0
362 16 1 1 14 0 0 0 0 0
fn=init_cacheinfo
550 3 1 1 0 0 0 3 0 0
563 3 0 0 1 0 0 0 0 0
570 2 0 0 0 0 0 0 0 0
572 4 0 0 1 0 0 1 0 0
575 1 0 0 0 0 0 0 0 0
576 4 1 1 1 0 0 1 0 0
578 2 0 0 0 0 0 0 0 0
589 1 0 0 1 0 0 0 0 0
607 4 0 0 1 0 0 0 0 0
614 17 1 1 0 0 0 0 0 0
620 8 0 0 0 0 0 0 0 0
623 20 0 0 0 0 0 0 0 0
625 2 1 1 0 0 0 0 0 0
631 5 0 0 0 0 0 0 0 0
638 9 1 1 0 0 0 0 0 0
640 2 0 0 0 0 0 0 0 0
642 8 0 0 0 0 0 0 0 0
644 4 0 0 0 0 0 0 0 0
649 1 1 1 0 0 0 0 0 0
651 4 0 0 0 0 0 0 0 0
652 2 0 0 0 0 0 0 0 0
653 1 0 0 0 0 0 0 0 0
657 2 0 0 0 0 0 0 0 0
669 4 0 0 0 0 0 0 0 0
670 5 1 1 0 0 0 0 0 0
744 2 0 0 0 0 0 0 0 0
746 3 1 1 0 0 0 1 0 0
747 1 0 0 0 0 0 1 1 1
749 1 0 0 0 0 0 0 0 0
750 3 0 0 0 0 0 1 0 0
751 1 0 0 0 0 0 1 0 0
754 2 0 0 0 0 0 0 0 0
756 3 0 0 0 0 0 1 0 0
757 1 0 0 0 0 0 1 1 1
759 1 0 0 0 0 0 0 0 0
760 3 0 0 0 0 0 1 0 0
761 1 0 0 0 0 0 1 0 0
763 4 0 0 4 0 0 0 0 0
fn=intel_check_word
150 174 0 0 87 8 8 0 0 0
153 84 0 0 0 0 0 0 0 0
161 24 0 0 0 0 0 18 0 0
162 12 1 1 0 0 0 0 0 0
164 4 0 0 0 0 0 0 0 0
168 42 0 0 0 0 0 0 0 0
170 44 0 0 0 0 0 0 0 0
172 13 1 1 0 0 0 0 0 0
174 26 0 0 0 0 0 0 0 0
182 26 0 0 0 0 0 0 0 0
235 26 0 0 0 0 0 0 0 0
275 12 0 0 3 0 0 0 0 0
277 2 1 1 0 0 0 0 0 0
279 4 0 0 0 0 0 0 0 0
281 2 0 0 2 0 0 0 0 0
289 2 0 0 0 0 0 0 0 0
295 11 0 0 0 0 0 0 0 0
300 24 1 1 24 0 0 0 0 0
fl=/build/eglibc-oGUzwX/eglibc-2.19/string/../sysdeps/x86_64/multiarch/../memcpy.S
fn=memcpy
61 17 1 1 0 0 0 0 0 0
63 17 0 0 0 0 0 0 0 0
65 17 0 0 0 0 0 0 0 0
68 16 0 0 0 0 0 0 0 0
69 16 0 0 0 0 0 0 0 0
71 5 0 0 5 0 0 0 0 0
72 5 0 0 0 0 0 5 2 2
74 5 0 0 0 0 0 0 0 0
75 5 0 0 0 0 0 0 0 0
80 16 0 0 0 0 0 0 0 0
81 16 0 0 0 0 0 0 0 0
83 3 0 0 3 0 0 0 0 0
84 3 0 0 0 0 0 3 1 1
86 3 0 0 0 0 0 0 0 0
87 6 0 0 0 0 0 0 0 0
92 16 1 1 0 0 0 0 0 0
93 16 0 0 0 0 0 0 0 0
95 5 0 0 5 0 0 0 0 0
96 5 0 0 0 0 0 5 1 1
98 5 0 0 0 0 0 0 0 0
99 5 0 0 0 0 0 0 0 0
104 16 0 0 0 0 0 0 0 0
105 16 0 0 0 0 0 0 0 0
107 9 0 0 9 0 0 0 0 0
108 9 0 0 0 0 0 9 0 0
110 9 0 0 0 0 0 0 0 0
111 9 0 0 0 0 0 0 0 0
116 16 0 0 0 0 0 0 0 0
117 23 0 0 0 0 0 0 0 0
122 7 0 0 7 0 0 0 0 0
123 7 0 0 7 0 0 0 0 0
124 7 0 0 0 0 0 7 0 0
125 7 0 0 0 0 0 7 1 1
127 7 0 0 0 0 0 0 0 0
129 7 0 0 0 0 0 0 0 0
130 7 0 0 0 0 0 0 0 0
132 7 0 0 0 0 0 0 0 0
140 16 1 1 16 0 0 0 0 0
148 8 0 0 0 0 0 8 0 0
154 8 0 0 0 0 0 0 0 0
156 8 0 0 0 0 0 0 0 0
157 8 0 0 0 0 0 0 0 0
160 5 0 0 0 0 0 0 0 0
161 10 0 0 0 0 0 0 0 0
166 20 1 1 20 0 0 0 0 0
167 20 0 0 0 0 0 20 1 1
169 20 0 0 0 0 0 0 0 0
171 20 0 0 0 0 0 0 0 0
172 20 0 0 0 0 0 0 0 0
174 25 0 0 0 0 0 0 0 0
183 8 0 0 0 0 0 0 0 0
184 8 0 0 0 0 0 0 0 0
187 8 0 0 0 0 0 0 0 0
188 8 0 0 0 0 0 0 0 0
189 8 0 0 0 0 0 0 0 0
194 8 0 0 0 0 0 0 0 0
196 8 0 0 8 0 0 0 0 0
197 8 0 0 8 0 0 0 0 0
198 8 0 0 8 0 0 0 0 0
199 8 1 1 8 0 0 0 0 0
201 8 0 0 0 0 0 8 1 1
202 8 0 0 0 0 0 8 0 0
203 8 0 0 0 0 0 8 0 0
204 8 0 0 0 0 0 8 0 0
206 8 0 0 0 0 0 0 0 0
207 8 0 0 0 0 0 0 0 0
209 8 0 0 0 0 0 0 0 0
211 1 0 0 0 0 0 0 0 0
213 1 0 0 1 0 0 0 0 0
214 1 0 0 1 0 0 0 0 0
215 1 0 0 1 0 0 0 0 0
216 1 0 0 1 0 0 0 0 0
218 1 0 0 0 0 0 1 0 0
219 1 0 0 0 0 0 1 0 0
220 1 0 0 0 0 0 1 0 0
221 1 0 0 0 0 0 1 0 0
223 1 0 0 0 0 0 0 0 0
224 1 1 1 0 0 0 0 0 0
226 1 0 0 0 0 0 0 0 0
231 8 0 0 0 0 0 0 0 0
237 8 0 0 8 0 0 0 0 0
238 8 0 0 0 0 0 0 0 0
240 1 0 0 1 0 0 0 0 0
fl=/build/eglibc-oGUzwX/eglibc-2.19/string/../sysdeps/x86_64/multiarch/../rtld-strlen.S
fn=strlen
26 21 1 1 0 0 0 0 0 0
27 21 0 0 0 0 0 0 0 0
28 21 0 0 0 0 0 0 0 0
29 21 0 0 0 0 0 0 0 0
31 10 0 0 0 0 0 0 0 0
32 10 0 0 0 0 0 0 0 0
34 49 0 0 49 0 0 0 0 0
35 49 0 0 0 0 0 0 0 0
36 48 0 0 0 0 0 0 0 0
37 48 0 0 0 0 0 0 0 0
38 48 0 0 0 0 0 0 0 0
40 40 0 0 0 0 0 0 0 0
45 31 1 1 31 0 0 0 0 0
46 31 0 0 0 0 0 0 0 0
47 31 0 0 0 0 0 0 0 0
48 31 0 0 0 0 0 0 0 0
51 31 0 0 0 0 0 0 0 0
52 28 0 0 0 0 0 0 0 0
53 28 0 0 0 0 0 0 0 0
54 28 0 0 0 0 0 0 0 0
56 28 0 0 0 0 0 0 0 0
59 25 0 0 25 0 0 0 0 0
60 25 0 0 0 0 0 0 0 0
61 25 0 0 0 0 0 0 0 0
62 25 0 0 0 0 0 0 0 0
65 25 0 0 0 0 0 0 0 0
66 19 0 0 0 0 0 0 0 0
67 19 0 0 0 0 0 0 0 0
68 19 0 0 0 0 0 0 0 0
70 19 0 0 0 0 0 0 0 0
73 15 0 0 15 0 0 0 0 0
74 15 0 0 0 0 0 0 0 0
75 15 0 0 0 0 0 0 0 0
76 15 0 0 0 0 0 0 0 0
79 15 0 0 0 0 0 0 0 0
80 14 0 0 0 0 0 0 0 0
81 14 0 0 0 0 0 0 0 0
82 14 0 0 0 0 0 0 0 0
84 14 0 0 0 0 0 0 0 0
87 14 0 0 14 0 0 0 0 0
88 14 0 0 0 0 0 0 0 0
89 14 0 0 0 0 0 0 0 0
90 14 0 0 0 0 0 0 0 0
93 14 0 0 0 0 0 0 0 0
94 13 0 0 0 0 0 0 0 0
95 13 0 0 0 0 0 0 0 0
96 13 0 0 0 0 0 0 0 0
98 15 0 0 0 0 0 0 0 0
101 20 1 1 0 0 0 0 0 0
103 20 0 0 0 0 0 0 0 0
104 20 0 0 0 0 0 0 0 0
105 16 0 0 0 0 0 0 0 0
107 16 0 0 0 0 0 0 0 0
108 16 0 0 0 0 0 0 0 0
109 16 1 1 0 0 0 0 0 0
111 16 0 0 0 0 0 0 0 0
112 16 0 0 0 0 0 0 0 0
113 13 0 0 0 0 0 0 0 0
115 13 0 0 0 0 0 0 0 0
116 13 0 0 0 0 0 0 0 0
117 10 0 0 0 0 0 0 0 0
119 10 0 0 0 0 0 0 0 0
121 10 0 0 0 0 0 0 0 0
122 10 0 0 0 0 0 0 0 0
123 9 0 0 0 0 0 0 0 0
125 9 0 0 0 0 0 0 0 0
126 9 0 0 0 0 0 0 0 0
127 9 0 0 0 0 0 0 0 0
129 9 0 0 0 0 0 0 0 0
130 9 0 0 0 0 0 0 0 0
131 6 0 0 0 0 0 0 0 0
133 21 0 0 0 0 0 0 0 0
134 21 0 0 21 0 0 0 0 0
fl=/build/eglibc-oGUzwX/eglibc-2.19/string/../sysdeps/x86_64/multiarch/../strchr.S
fn=index
24 11 1 1 0 0 0 0 0 0
25 11 0 0 0 0 0 0 0 0
26 11 0 0 0 0 0 0 0 0
27 11 0 0 0 0 0 0 0 0
28 11 0 0 0 0 0 0 0 0
29 11 0 0 0 0 0 0 0 0
30 11 0 0 0 0 0 0 0 0
31 11 0 0 0 0 0 0 0 0
32 11 0 0 11 2 2 0 0 0
33 11 0 0 0 0 0 0 0 0
34 11 0 0 0 0 0 0 0 0
35 11 0 0 0 0 0 0 0 0
36 11 0 0 0 0 0 0 0 0
37 11 0 0 0 0 0 0 0 0
38 11 0 0 0 0 0 0 0 0
39 11 1 1 0 0 0 0 0 0
40 11 0 0 0 0 0 0 0 0
41 6 0 0 0 0 0 0 0 0
45 6 0 0 0 0 0 0 0 0
46 6 0 0 0 0 0 0 0 0
47 6 0 0 6 0 0 0 0 0
48 6 0 0 0 0 0 0 0 0
50 6 0 0 6 0 0 0 0 0
54 5 0 0 5 0 0 0 0 0
55 5 0 0 0 0 0 0 0 0
56 5 0 0 0 0 0 0 0 0
57 5 0 0 0 0 0 0 0 0
58 5 0 0 0 0 0 0 0 0
59 5 0 0 0 0 0 0 0 0
60 5 0 0 5 1 1 0 0 0
61 5 0 0 0 0 0 0 0 0
62 5 0 0 0 0 0 0 0 0
63 5 1 1 0 0 0 0 0 0
64 5 0 0 0 0 0 0 0 0
65 5 0 0 0 0 0 0 0 0
66 5 0 0 0 0 0 0 0 0
67 5 0 0 5 0 0 0 0 0
68 5 0 0 0 0 0 0 0 0
69 5 0 0 0 0 0 0 0 0
70 5 0 0 0 0 0 0 0 0
71 5 0 0 0 0 0 0 0 0
72 5 0 0 0 0 0 0 0 0
73 5 0 0 0 0 0 0 0 0
74 5 0 0 0 0 0 0 0 0
75 5 0 0 0 0 0 0 0 0
76 5 0 0 0 0 0 0 0 0
77 6 0 0 0 0 0 0 0 0
82 1 1 1 0 0 0 0 0 0
83 1 0 0 0 0 0 0 0 0
86 2 0 0 0 0 0 0 0 0
87 2 0 0 2 0 0 0 0 0
88 2 0 0 2 0 0 0 0 0
89 2 0 0 2 0 0 0 0 0
90 2 0 0 0 0 0 0 0 0
91 2 0 0 2 0 0 0 0 0
92 2 0 0 0 0 0 0 0 0
93 2 0 0 0 0 0 0 0 0
94 2 0 0 2 0 0 0 0 0
95 2 0 0 0 0 0 0 0 0
96 2 0 0 2 0 0 0 0 0
97 2 0 0 2 0 0 0 0 0
98 2 1 1 0 0 0 0 0 0
99 2 0 0 2 0 0 0 0 0
100 2 0 0 0 0 0 0 0 0
101 2 0 0 0 0 0 0 0 0
102 2 0 0 0 0 0 0 0 0
103 2 0 0 0 0 0 0 0 0
105 2 0 0 0 0 0 0 0 0
106 2 0 0 0 0 0 0 0 0
108 1 0 0 1 0 0 0 0 0
109 1 0 0 0 0 0 0 0 0
110 1 0 0 0 0 0 0 0 0
111 1 0 0 0 0 0 0 0 0
112 1 0 0 0 0 0 0 0 0
113 1 0 0 0 0 0 0 0 0
114 1 0 0 0 0 0 0 0 0
115 1 0 0 0 0 0 0 0 0
117 1 0 0 0 0 0 0 0 0
118 1 1 1 0 0 0 0 0 0
119 1 0 0 0 0 0 0 0 0
120 1 0 0 0 0 0 0 0 0
121 1 0 0 0 0 0 0 0 0
122 1 0 0 0 0 0 0 0 0
123 1 0 0 0 0 0 0 0 0
124 1 0 0 0 0 0 0 0 0
125 1 0 0 0 0 0 0 0 0
126 1 0 0 0 0 0 0 0 0
129 5 1 0 0 0 0 0 0 0
133 5 0 0 0 0 0 0 0 0
134 5 0 0 0 0 0 0 0 0
135 5 0 0 5 0 0 0 0 0
136 5 0 0 0 0 0 0 0 0
138 5 0 0 5 0 0 0 0 0
fl=/build/eglibc-oGUzwX/eglibc-2.19/string/../sysdeps/x86_64/multiarch/../strcmp.S
fn=strcmp
131 1530 1 1 1530 36 18 0 0 0
132 1530 0 0 1530 17 4 0 0 0
133 1530 0 0 0 0 0 0 0 0
134 1434 0 0 0 0 0 0 0 0
135 1434 0 0 0 0 0 0 0 0
136 1434 0 0 0 0 0 0 0 0
137 1434 0 0 0 0 0 0 0 0
139 117 0 0 0 0 0 0 0 0
140 117 0 0 117 0 0 0 0 0
142 96 0 0 0 0 0 0 0 0
143 96 0 0 0 0 0 0 0 0
144 96 0 0 0 0 0 0 0 0
145 96 0 0 96 0 0 0 0 0
fl=/build/eglibc-oGUzwX/eglibc-2.19/string/../sysdeps/x86_64/multiarch/memmove.c
fn=memcpy@GLIBC_2.2.5
49 1 1 1 0 0 0 0 0 0
fl=/build/eglibc-oGUzwX/eglibc-2.19/string/../sysdeps/x86_64/multiarch/strcmp.S
fn=strcasecmp
114 1 1 1 1 1 1 0 0 0
115 1 0 0 0 0 0 0 0 0
116 1 0 0 0 0 0 1 0 0
119 1 0 0 0 0 0 0 0 0
120 1 0 0 1 0 0 0 0 0
121 1 0 0 0 0 0 0 0 0
123 1 0 0 1 0 0 0 0 0
124 1 0 0 0 0 0 0 0 0
128 1 1 1 0 0 0 0 0 0
129 1 0 0 1 0 0 0 0 0
130 1 0 0 0 0 0 0 0 0
132 1 0 0 1 0 0 0 0 0
fn=strncasecmp
140 1 1 1 1 0 0 0 0 0
141 1 0 0 0 0 0 0 0 0
145 1 0 0 0 0 0 0 0 0
146 1 0 0 1 0 0 0 0 0
147 1 0 0 0 0 0 0 0 0
149 1 0 0 1 0 0 0 0 0
150 1 0 0 0 0 0 0 0 0
154 1 1 1 0 0 0 0 0 0
155 1 0 0 1 0 0 0 0 0
156 1 0 0 0 0 0 0 0 0
158 1 0 0 1 0 0 0 0 0
fl=/build/eglibc-oGUzwX/eglibc-2.19/string/../sysdeps/x86_64/rtld-memset.S
fn=memset
30 13 1 0 0 0 0 0 0 0
31 13 0 0 0 0 0 0 0 0
32 13 0 0 0 0 0 0 0 0
33 2161 0 0 0 0 0 2148 34 34
34 13 0 0 0 0 0 0 0 0
35 13 0 0 13 0 0 0 0 0
fl=/build/eglibc-oGUzwX/eglibc-2.19/string/../sysdeps/x86_64/strchr.S
fn=strchrnul
24 349 1 1 0 0 0 0 0 0
25 349 0 0 0 0 0 0 0 0
26 349 0 0 0 0 0 0 0 0
27 349 0 0 0 0 0 0 0 0
28 349 1 1 0 0 0 0 0 0
29 349 0 0 0 0 0 0 0 0
30 349 0 0 0 0 0 0 0 0
31 349 0 0 0 0 0 0 0 0
32 349 0 0 349 2 2 0 0 0
33 349 0 0 0 0 0 0 0 0
34 349 0 0 0 0 0 0 0 0
35 349 0 0 0 0 0 0 0 0
36 349 0 0 0 0 0 0 0 0
37 349 0 0 0 0 0 0 0 0
38 349 0 0 0 0 0 0 0 0
39 349 0 0 0 0 0 0 0 0
40 349 0 0 0 0 0 0 0 0
41 342 0 0 0 0 0 0 0 0
43 342 0 0 0 0 0 0 0 0
50 342 0 0 342 0 0 0 0 0
54 7 2 1 7 0 0 0 0 0
55 7 0 0 0 0 0 0 0 0
56 7 0 0 0 0 0 0 0 0
57 7 0 0 0 0 0 0 0 0
58 7 0 0 0 0 0 0 0 0
59 7 0 0 0 0 0 0 0 0
60 7 0 0 7 0 0 0 0 0
61 7 0 0 0 0 0 0 0 0
62 7 0 0 0 0 0 0 0 0
63 7 0 0 0 0 0 0 0 0
64 7 0 0 0 0 0 0 0 0
65 7 0 0 0 0 0 0 0 0
66 7 0 0 0 0 0 0 0 0
67 7 0 0 7 2 2 0 0 0
68 7 0 0 0 0 0 0 0 0
69 7 1 1 0 0 0 0 0 0
70 7 0 0 0 0 0 0 0 0
71 7 0 0 0 0 0 0 0 0
72 7 0 0 0 0 0 0 0 0
73 7 0 0 0 0 0 0 0 0
74 7 0 0 0 0 0 0 0 0
75 7 0 0 0 0 0 0 0 0
76 7 0 0 0 0 0 0 0 0
77 7 0 0 0 0 0 0 0 0
129 7 1 1 0 0 0 0 0 0
131 7 0 0 0 0 0 0 0 0
138 7 0 0 7 0 0 0 0 0
fl=/build/eglibc-oGUzwX/eglibc-2.19/string/../sysdeps/x86_64/strlen.S
fn=strlen
66 1 1 1 0 0 0 0 0 0
67 1 0 0 0 0 0 0 0 0
68 1 0 0 0 0 0 0 0 0
69 1 1 1 0 0 0 0 0 0
70 1 0 0 0 0 0 0 0 0
71 1 0 0 0 0 0 0 0 0
72 1 0 0 0 0 0 0 0 0
74 1 0 0 0 0 0 0 0 0
76 1 0 0 0 0 0 0 0 0
106 1 0 0 1 0 0 0 0 0
107 1 0 0 0 0 0 0 0 0
108 1 0 0 0 0 0 0 0 0
109 1 0 0 0 0 0 0 0 0
110 1 0 0 0 0 0 0 0 0
116 1 0 0 0 0 0 0 0 0
117 1 0 0 1 0 0 0 0 0
118 1 1 1 1 0 0 0 0 0
119 1 0 0 1 0 0 0 0 0
120 1 0 0 0 0 0 0 0 0
121 1 0 0 0 0 0 0 0 0
122 1 0 0 0 0 0 0 0 0
123 1 0 0 0 0 0 0 0 0
124 1 0 0 0 0 0 0 0 0
125 1 0 0 0 0 0 0 0 0
126 1 0 0 0 0 0 0 0 0
127 1 0 0 0 0 0 0 0 0
132 8 0 0 1 0 0 0 0 0
fl=/build/eglibc-oGUzwX/eglibc-2.19/string/../sysdeps/x86_64/strrchr.S
fn=rindex
24 1 1 1 0 0 0 0 0 0
25 1 0 0 0 0 0 0 0 0
26 1 0 0 0 0 0 0 0 0
27 1 0 0 0 0 0 0 0 0
28 1 1 1 0 0 0 0 0 0
29 1 0 0 0 0 0 0 0 0
30 1 0 0 0 0 0 0 0 0
31 1 0 0 0 0 0 0 0 0
32 1 0 0 1 1 0 0 0 0
33 1 0 0 0 0 0 0 0 0
34 1 0 0 0 0 0 0 0 0
35 1 0 0 0 0 0 0 0 0
36 1 0 0 0 0 0 0 0 0
37 1 0 0 0 0 0 0 0 0
38 1 0 0 0 0 0 0 0 0
39 1 0 0 0 0 0 0 0 0
40 1 0 0 0 0 0 0 0 0
41 1 0 0 0 0 0 0 0 0
42 1 0 0 0 0 0 0 0 0
43 1 0 0 0 0 0 0 0 0
44 1 1 1 0 0 0 0 0 0
45 1 0 0 0 0 0 0 0 0
46 1 0 0 0 0 0 0 0 0
47 1 0 0 1 0 0 0 0 0
fl=/build/eglibc-oGUzwX/eglibc-2.19/time/../sysdeps/generic/dl-hash.h
fn=gettimeofday
43 1 0 0 0 0 0 0 0 0
44 1 0 0 0 0 0 0 0 0
45 13 0 0 4 0 0 0 0 0
48 12 0 0 0 0 0 0 0 0
49 8 0 0 0 0 0 0 0 0
62 8 0 0 0 0 0 0 0 0
67 1 0 0 0 0 0 0 0 0
fn=time
43 1 0 0 0 0 0 0 0 0
44 1 1 1 0 0 0 0 0 0
45 13 1 1 4 1 1 0 0 0
48 12 0 0 0 0 0 0 0 0
49 8 0 0 0 0 0 0 0 0
62 8 0 0 0 0 0 0 0 0
67 1 0 0 0 0 0 0 0 0
fl=/build/eglibc-oGUzwX/eglibc-2.19/time/../sysdeps/unix/sysv/linux/x86_64/gettimeofday.c
fn=gettimeofday
30 1 0 0 0 0 0 0 0 0
31 7 2 2 0 0 0 4 0 0
34 3 1 1 0 0 0 1 0 0
35 3 0 0 0 0 0 0 0 0
36 3 0 0 1 0 0 0 0 0
fl=/build/eglibc-oGUzwX/eglibc-2.19/time/../sysdeps/unix/sysv/linux/x86_64/time.c
fn=time
36 1 0 0 0 0 0 0 0 0
37 7 1 1 0 0 0 4 0 0
40 6 0 0 0 0 0 1 0 0
41 3 0 0 1 0 0 0 0 0
fl=???
fn=???
0 585 30 18 475 7 1 39 1 1
fn=__libc_csu_init
0 34 2 2 8 1 0 8 0 0
fn=_dl_debug_initialize
0 4 2 1 3 0 0 0 0 0
fn=add
0 232 3 3 85 0 0 49 2 2
fn=bfs
0 2818 5 5 1058 0 0 78 0 0
fn=delete
0 226 1 1 100 0 0 37 0 0
fn=dfs
0 2818 3 3 1058 0 0 78 0 0
fn=main
0 6026 7 7 1964 1 0 380 2 2
fn=memcpy@GLIBC_2.2.5
0 12 1 1 4 0 0 0 0 0
fn=pop
0 177 1 1 75 0 0 37 0 0
fn=push
0 192 2 2 72 0 0 48 1 1
summary: 389211 1130 1077 99729 2533 1963 48228 607 534
