version: 1
creator: callgrind-3.10.1
pid: 4065
cmd:  ./serial
part: 1


desc: I1 cache: 
desc: D1 cache: 
desc: LL cache: 

desc: Timerange: Basic block 0 - 36320732
desc: Trigger: Program termination

positions: line
events: Ir
summary: 160501418


ob=(4) /usr/lib/valgrind/vgpreload_core-amd64-linux.so
fl=(49) ???
fn=(452) 0x0000000000000630
0 8
cob=(3) /lib/x86_64-linux-gnu/libc-2.19.so
cfi=(103) /build/eglibc-oGUzwX/eglibc-2.19/stdlib/cxa_finalize.c
cfn=(464) __cxa_finalize
calls=1 31 
0 53
cob=(1) /lib/x86_64-linux-gnu/ld-2.19.so
cfi=(60) /build/eglibc-oGUzwX/eglibc-2.19/elf/../sysdeps/x86_64/dl-trampoline.S
cfn=(250) _dl_runtime_resolve
calls=1 34 
0 684
0 5
0 1
cfn=(470) 0x00000000000005c0
calls=1 0 
0 9
0 3

fn=(210) 0x0000000000000670
0 16

fn=(470)
0 9

ob=(6) /usr/lib/valgrind/callgrind-amd64-linux
fl=(88) ???
fn=(376) 0x000000003805d553
0 12

ob=(3)
fl=(105) /build/eglibc-oGUzwX/eglibc-2.19/posix/../sysdeps/unix/sysv/linux/_exit.c
fn=(488) _Exit
28 2
+4 1
+2 2

fl=(41) /build/eglibc-oGUzwX/eglibc-2.19/csu/../sysdeps/x86_64/multiarch/init-arch.c
fn=(172) __init_cpu_features
54 1
-9 1
+9 1
+3 1
-3 1
+3 5
+95 2
+1 7
+7 3
+24 2
+5 1
+1 1
+2 1
+1 2
-9 4
+1 5
+1 2
31 2
+6 1
-6 1
+7 1
-1 1
+28 1
-27 1
+27 1
-28 1
+2 1
-1 1
+1 1
+26 1
+1 1
-35 4
+35 1
+5 1
-12 1
+12 1
+3 8
+49 1
-64 1
+68 1

fl=(45) /build/eglibc-oGUzwX/eglibc-2.19/time/../sysdeps/unix/sysv/linux/x86_64/gettimeofday.c
fn=(182) gettimeofday
31 2
-1 2
fi=(43) /build/eglibc-oGUzwX/eglibc-2.19/time/../sysdeps/generic/dl-hash.h
+14 2
fe=(45)
-13 4
fi=(43)
+14 2
fe=(45)
-14 2
fi=(43)
+12 2
+5 6
+1 4
+13 4
-17 6
+3 18
+1 12
+13 12
-17 18
+22 2
fe=(45)
-36 4
+3 4
-3 2
+3 2
cfi=(44) /build/eglibc-oGUzwX/eglibc-2.19/elf/../sysdeps/unix/sysv/linux/dl-vdso.c
cfn=(178) _dl_vdso_vsym
calls=2 -7 
* 14
+1 6
+1 6

fl=(53) /build/eglibc-oGUzwX/eglibc-2.19/misc/init-misc.c
fn=(224) __init_misc
30 4
+1 5
+2 3
cfi=(54) /build/eglibc-oGUzwX/eglibc-2.19/string/../sysdeps/x86_64/strrchr.S
cfn=(226) rindex
calls=1 -9 
* 24
+4 5
+1 3
+2 4

fl=(62) /build/eglibc-oGUzwX/eglibc-2.19/csu/libc-start.c
fn=(256) (below main)
133 7
+4 1
-4 3
+4 3
+82 1
-82 1
+82 1
+1 4
cfi=(63) /build/eglibc-oGUzwX/eglibc-2.19/stdlib/cxa_atexit.c
cfn=(258) __cxa_atexit
calls=1 57 
* 60
+22 6
+3 2
+1 5
cob=(5) /home/rounak/parallel-programming-project-1/serial
cfi=(59) ???
cfn=(262) __libc_csu_init
calls=1 0 
* 55
+4 4
+15 2
+9 2
cfi=(64) /build/eglibc-oGUzwX/eglibc-2.19/setjmp/../sysdeps/x86_64/bsd-_setjmp.S
cfn=(276) _setjmp
calls=1 30 
* 29
+1 2
+5 2
+1 2
+3 2
+3 6
cob=(5)
cfi=(59)
cfn=(282) main
calls=1 0 
* 160391666
+34 2
cfi=(100) /build/eglibc-oGUzwX/eglibc-2.19/stdlib/exit.c
cfn=(422) exit
calls=1 104 
* 2607
137 2

fl=(96) /build/eglibc-oGUzwX/eglibc-2.19/stdlib/../sysdeps/x86_64/rshift.S
fn=(400) __mpn_rshift
29 2
+1 2
+1 2
+13 2
+1 2
+16 2
+1 2
+1 2
+1 2
+1 2
+1 2
+1 2
+5 2
+1 2
+1 2
+1 2
+1 2

fl=(46) /build/eglibc-oGUzwX/eglibc-2.19/string/../sysdeps/x86_64/multiarch/memmove.c
fn=(186) memcpy@GLIBC_2.2.5
49 1
-49 12

fl=(74) /build/eglibc-oGUzwX/eglibc-2.19/io/../sysdeps/unix/syscall-template.S
fn=(360) write
81 26
cfn=(362) __write_nocancel
calls=13 * 
* 65

fn=(314) read
81 246
cfn=(316) __read_nocancel
calls=123 * 
* 615

fn=(362)
81 65

fn=(316)
81 615

fl=(81) /build/eglibc-oGUzwX/eglibc-2.19/string/../sysdeps/x86_64/strchr.S
fn=(336) strchrnul
24 2006
+1 2006
+1 2006
+1 2006
+1 2006
+1 2006
+1 2006
+1 2006
+1 2006
+1 2006
+1 2006
+1 2006
+1 2006
+1 2006
+1 2006
+1 2006
+1 2006
+1 2003
+2 2003
+7 2003
+4 3
+1 3
+1 3
+1 3
+1 3
+1 3
+1 3
+1 3
+1 3
+1 3
+1 3
+1 3
+1 3
+1 3
+1 3
+1 3
+1 3
+1 3
+1 3
+1 3
+1 3
+1 3
+1 3
+1 3
+52 3
+2 3
+7 3

fl=(50) /build/eglibc-oGUzwX/eglibc-2.19/csu/../csu/init-first.c
fn=(218) _init
52 8
+6 3
+14 1
fi=(51) /build/eglibc-oGUzwX/eglibc-2.19/csu/../sysdeps/generic/dl-hash.h
-28 1
fe=(50)
+26 1
+1 1
fi=(52) /build/eglibc-oGUzwX/eglibc-2.19/csu/../sysdeps/unix/sysv/linux/x86_64/init-first.c
-33 1
fi=(51)
+7 1
fi=(52)
-7 1
fe=(50)
+34 1
fi=(52)
-34 2
fi=(51)
+5 1
+5 3
+1 2
+13 2
-17 3
+3 9
+1 6
+13 6
-17 9
+22 1
fi=(52)
-29 2
+2 2
-2 1
+2 2
cfi=(44)
cfn=(178)
calls=1 -13 
* 7
+1 2
+5 2
-3 2
+1 1
+2 1
cfi=(44)
cfn=(178)
calls=1 -19 
* 7
fe=(50)
+40 1
fi=(52)
-36 1
fe=(50)
+36 2
fi=(52)
-36 2
+1 2
+1 1
fe=(50)
+34 1
cfi=(53)
cfn=(224)
calls=1 -56 
* 48
+8 1
cfi=(55) /build/eglibc-oGUzwX/eglibc-2.19/ctype/ctype-info.c
cfn=(228) __ctype_init
calls=1 -63 
* 16
+5 6
-34 1
-7 1
+7 4
fi=(52)
-23 2
fe=(50)

fl=(70) /build/eglibc-oGUzwX/eglibc-2.19/libio/fileops.c
fn=(338) _IO_file_xsputn@@GLIBC_2.2.5
1281 3009
+7 3009
-7 21063
+6 6018
+7 18042
+17 4
+4 3032
+5 12008
cfi=(83) /build/eglibc-oGUzwX/eglibc-2.19/string/../sysdeps/x86_64/memcpy.S
cfn=(348) __GI_mempcpy
calls=3002 61 
* 57244
* 3002
+6 3002
-1 3002
+1 6004
+2 9018
+27 6014
+1 24072
-45 2
+17 3
+4 44
cfn=(340) _IO_file_overflow@@GLIBC_2.2.5
calls=11 824 
* 1307
* 22
+6 22
+1 66
+2 33
+11 22
+1 36
cfi=(69) /build/eglibc-oGUzwX/eglibc-2.19/libio/genops.c
cfn=(344) _IO_default_xsputn
calls=9 447 
* 7395
* 18
-57 9018
+1 6012
+3 9006
+2 14726
-2 15796
-3 8
+7 24

fn=(342) _IO_do_write@@GLIBC_2.2.5
509 14
+2 14
-2 70
+2 28
+1 6
+11 52
+7 52
+8 65
cfn=(358) _IO_file_write@@GLIBC_2.2.5
calls=13 1254 
* 559
* 13
+1 39
+6 13
-4 13
+4 13
-4 39
+1 26
+3 13
-34 26
+32 13
-32 13
+1 52
-1 13
+1 26
+32 26

fn=(482) _IO_file_setbuf@@GLIBC_2.2.5
461 2
+1 1
cfi=(69)
cfn=(484) _IO_default_setbuf
calls=1 +95 
* 51
* 2
+4 2
-1 2
+2 3
+2 1
+1 2

fn=(296) _IO_file_underflow@@GLIBC_2.2.5
552 492
+8 369
+6 369
+3 246
+13 246
+20 246
cfi=(69)
cfn=(310) _IO_switch_to_get_mode
calls=123 182 
* 2460
+6 123
+5 492
-5 246
+1 123
+2 123
-1 246
+3 123
cfn=(312) _IO_file_read
calls=123 1204 
* 1353
+2 246
+10 123
-3 123
+3 246
+2 246
+1 492
-56 3
+5 2
cfi=(69)
cfn=(298) _IO_doallocbuf
calls=1 414 
* 101
* 2

fn=(312)
1204 492
cfi=(74)
cfn=(314)
calls=123 81 
* 861

fn=(486) _IO_file_sync@@GLIBC_2.2.5
886 1
+5 1
-5 1
+5 3
+2 1
+1 2
+17 2
+4 2

fn=(358)
1254 91
+2 65
+11 13
+1 13
-12 26
+5 13
-1 39
+1 26
cfi=(74)
cfn=(360)
calls=13 81 
* 91
+1 26
+9 39
+3 117

fn=(302) _IO_file_stat
1222 2
+1 6
cfi=(72) /build/eglibc-oGUzwX/eglibc-2.19/io/../sysdeps/unix/sysv/linux/wordsize-64/fxstat.c
cfn=(304) _fxstat
calls=2 34 
* 20

fn=(340)
824 716
+1 537
+7 1249
+35 358
+3 336
+3 504
+1 504
+1 672
+4 168
+1 672
-45 2
+12 2
+9 4
+8 1
-4 1
+3 2
-2 2
-3 1
+1 2
+5 1
-1 1
+1 3
+1 2
+12 6
-1 3
+1 3
-1 3
cfn=(342)
calls=3 509 
* 273
* 6
-8 11
+1 11
+11 33
-12 11
cfn=(342)
calls=11 509 
* 925
-31 2
cfi=(69)
cfn=(298)
calls=1 414 
* 112
+1 6

fl=(80) /build/eglibc-oGUzwX/eglibc-2.19/stdio-common/vfprintf.c
fn=(334) vfprintf
235 11033
+35 3009
1295 3010
+4 5015
+11 2006
+11 1003
fi=(106) /build/eglibc-oGUzwX/eglibc-2.19/stdio-common/printf-parse.h
108 2006
fe=(80)
1321 5015
fi=(106)
108 1003
cfi=(81)
cfn=(336)
calls=1003 -84 
* 20132
fe=(80)
1336 1003
fi=(106)
108 1003
fe=(80)
1332 1003
+4 2006
+4 7021
cfi=(70)
cfn=(338)
calls=1003 -59 
* 77691
* 3009
2098 5015
+3 1003
+1 8024
1295 2004
+41 7021
+1 15045
2098 5015
+1 3009
1340 2006
+4 1003
-4 1003
+4 2006
+4 7021
283 1003
-6 1003
-3 1003
1325 1003
-8 1003
240 1003
1396 8024
-3 1003
-1 1003
-17 1003
+1 1003
+1 1003
+1 1003
+1 1003
+1 1003
+1 1003
+1 1003
+1 1003
+1 1003
+1 1003
+3 1003
+1 1003
1580 2006
-21 3009
1396 9027
2091 2006
+2 2006
+2 2006
1680 2006
+8 1003
fi=(106)
108 2006
fe=(80)
1688 1003
fi=(106)
108 1003
fe=(80)
1688 1003
fi=(106)
108 1003
cfi=(81)
cfn=(336)
calls=1003 -84 
* 20060
fe=(80)
1692 1003
-4 1003
+4 9027
cfi=(70)
cfn=(338)
calls=1003 1281 
* 73743
* 1003
-10 1003
+10 11033
+2 1003
-2 1003
+2 1003
-34 49049
cfi=(70)
cfn=(338)
calls=1001 1281 
* 85477
* 19019
cfi=(82) /build/eglibc-oGUzwX/eglibc-2.19/stdio-common/_itoa.c
cfn=(346) _itoa_word
calls=1001 168 
* 43454
* 43181
cfi=(89) /build/eglibc-oGUzwX/eglibc-2.19/stdio-common/printf_fp.c
cfn=(386) __printf_fp
calls=2 161 
* 3360
* 24

fl=(89)
fn=(402) hack_digit.13665
231 56
+3 70
+2 36
+2 24
+1 12
-1 12
+1 24
-1 12
+1 12
cfi=(95) /build/eglibc-oGUzwX/eglibc-2.19/stdlib/../sysdeps/x86_64/mul_1.S
cfn=(398) __mpn_mul_1
calls=12 32 
* 240
* 12
+30 72
-35 84
+35 10

fn=(386)
161 20
+54 2
-21 2
+2 2
+19 6
+59 2
-59 4
+59 2
+2 2
+24 2
-24 4
+24 2
-24 4
+1 2
-1 2
+1 2
+23 2
+42 2
176 2
-1 2
349 2
+2 2
-2 2
+47 6
+4 2
cfi=(90) /build/eglibc-oGUzwX/eglibc-2.19/math/../sysdeps/ieee754/dbl-64/wordsize-64/s_isnan.c
cfn=(388) isnan
calls=2 27 
* 14
* 4
+15 4
cfi=(91) /build/eglibc-oGUzwX/eglibc-2.19/math/../sysdeps/ieee754/dbl-64/wordsize-64/s_isinf.c
cfn=(390) isinf
calls=2 20 
* 26
* 6
+56 2
+12 2
-12 12
+1 2
+1 2
+1 2
+1 8
+1 4
+1 2
-2 2
+1 2
-1 2
+1 2
+1 4
+7 2
-7 2
+7 2
1264 16
431 18
cfi=(92) /build/eglibc-oGUzwX/eglibc-2.19/stdlib/../sysdeps/ieee754/dbl-64/dbl2mpn.c
cfn=(392) __mpn_extract_double
calls=2 35 
* 42
+4 2
-4 2
+4 6
828 2
+10 2
-10 2
+10 8
+2 2
-2 2
+2 2
+10 4
+48 2
-61 2
+61 4
+14 8
+1 2
-1 4
+7 4
fi=(75) /build/eglibc-oGUzwX/eglibc-2.19/stdio-common/../nptl/sysdeps/pthread/allocalim.h
28 4
fe=(89)
929 2
-8 2
-1 2
+9 10
+1 4
+3 10
+12 6
+12 6
+1 36
+1 42
+1 4
+3 12
-1 12
+2 12
-1 12
cfn=(402)
calls=12 231 
* 570
* 12
+1 24
+2 12
-6 8
+15 6
+1 8
cfn=(402)
calls=2 231 
* 106
+2 10
+1 2
-1 2
fi=(97) /build/eglibc-oGUzwX/eglibc-2.19/stdio-common/../sysdeps/generic/get-rounding-mode.h
93 2
+1 10
fe=(89)
1094 6
+7 4
+3 4
+13 6
+46 12
+2 12
+2 2
-2 2
+2 12
655 4
208 2
1170 4
+7 8
+9 6
+6 6
+4 6
cfi=(85) /build/eglibc-oGUzwX/eglibc-2.19/string/../sysdeps/x86_64/strlen.S
cfn=(356) strlen
calls=2 66 
* 32
+2 2
-2 2
+2 6
+5 2
+1 4
-1 2
+2 4
+11 10
+1 2
+6 2
-6 2
+6 26
+3 28
+3 28
-6 48
+1 48
+1 6
cfi=(83)
cfn=(348)
calls=2 61 
* 36
* 4
fi=(97)
94 4
fi=(98) /build/eglibc-oGUzwX/eglibc-2.19/stdio-common/../include/rounding-mode.h
-42 4
fe=(89)
995 2
fi=(98)
52 1
fe=(89)
995 2
+5 2
+5 8
+5 2
+2 2
+2 2
+11 5
853 2
+2 2
-1 2
+10 2
-11 4
1172 6
853 2
-1 2
+1 6
+3 6
+95 2
+2 2
-1 2
832 2
951 2
+2 6
1233 4
-1 2
+18 6
+3 4
+7 6
663 8
cfi=(93) /build/eglibc-oGUzwX/eglibc-2.19/stdlib/../sysdeps/x86_64/lshift.S
cfn=(394) __mpn_lshift
calls=2 29 
* 30
+1 2
+4 2
-8 2
-1 2
-1 2
+30 2
-24 2
+4 2
-4 6
+52 2
-49 2
+1 2
+48 4
-43 2
+2 4
-2 22
+2 44
+7 2
+2 2
-1 2
-1 8
+9 2
+13 2
-13 10
+4 2
-4 2
+4 2
+1 4
-1 2
+1 2
+1 2
-1 2
-1 2
+1 2
-1 2
+1 4
+8 6
+22 8
+8 2
+1 4
+8 2
-8 4
+5 2
-6 2
+6 6
+3 4
+1 4
+10 2
-3 2
+3 10
+12 2
+10 8
cfi=(96)
cfn=(400)
calls=2 29 
* 34
* 2
+3 4
+7 2
-2 2
+2 26
-2 22
+2 88
+24 6
688 12
cfi=(94) /build/eglibc-oGUzwX/eglibc-2.19/stdlib/mul.c
cfn=(396) __mpn_mul
calls=2 57 
* 140
* 2
1250 8
-76 4
+1 12
865 6
-77 6
1250 158
1036 2
853 4
743 10
623 2
1199 4
+51 80
cfi=(69)
cfn=(364) __overflow
calls=16 241 
* 624
* 64

fl=(77) /build/eglibc-oGUzwX/eglibc-2.19/stdlib/../stdlib/strtol_l.c
fn=(324) ____strtol_l_internal
232 2000040
+26 250005
-12 250005
-14 250005
+26 250005
+22 250005
-1 250005
+10 1000020
+9 1500030
+2 500010
+5 500010
+5 250005
-6 250005
+6 250005
+4 500010
+10 250694
+7 750015
-79 250005
376 250005
+3 500010
+59 250005
-59 250005
+1 500010
+4 250005
-4 250005
+58 250005
+2 500010
+16 250005
-74 250005
+1 250005
+57 250005
+38 250005
-22 250005
-14 750015
-2 4
-2 2
+4 2
-2 2
+2 4
+28 750021
+3 1000028
+5 250007
-40 250007
+41 500014
-41 1000026
+46 500010
+5 750015
+1 250005
+5 500010
+3 750015
334 1250025
-18 249316
496 750015
+35 250005
-18 250005
+18 1750035

fl=(55)
fn=(228)
31 5
+2 1
-2 2
+2 3
+2 5

fl=(67) /build/eglibc-oGUzwX/eglibc-2.19/stdio-common/isoc99_scanf.c
fn=(288) __isoc99_scanf
27 2750099
+5 5000180
+4 250009
-2 250009
+3 1000036
-1 1250045
+1 250009
cfi=(68) /build/eglibc-oGUzwX/eglibc-2.19/stdio-common/vfscanf.c
cfn=(290) _IO_vfscanf
calls=250009 214 
* 131647076
fi=(78) /build/eglibc-oGUzwX/eglibc-2.19/stdio-common/../libio/libioP.h
913 250009
+1 250009
fe=(67)
37 250009
fi=(78)
914 250009
+1 2000072
fe=(67)
44 1250045

fl=(42) /build/eglibc-oGUzwX/eglibc-2.19/time/../sysdeps/unix/sysv/linux/x86_64/time.c
fn=(174) time
37 1
-1 1
fi=(43)
+8 1
fe=(42)
-7 2
fi=(43)
+8 1
fe=(42)
-8 1
fi=(43)
+6 1
+5 3
+1 2
+13 2
-17 3
+3 9
+1 6
+13 6
-17 9
+22 1
fe=(42)
-30 2
+3 2
-3 1
+3 1
cfi=(44)
cfn=(178)
calls=1 -13 
* 7
* 3
+1 3

fl=(64)
fn=(276)
30 1
+2 1
cfi=(65) /build/eglibc-oGUzwX/eglibc-2.19/setjmp/../sysdeps/x86_64/setjmp.S
cfn=(278) __sigsetjmp
calls=1 -6 
* 27

fl=(94)
fn=(396)
57 22
+6 2
-6 4
+6 2
+13 2
-1 4
+5 2
+1 4
+9 6
cfi=(95)
cfn=(398)
calls=2 -58 
* 64
+2 2
+5 2
-5 4
+1 2
+4 2
+54 16

fl=(91)
fn=(390)
20 2
+1 2
-2 2
+1 2
+3 2
-2 2
+1 6
+1 6
+1 2

fl=(72)
fn=(304)
34 2
-1 2
+1 2
+1 12
+4 2

fl=(93)
fn=(394)
29 2
+1 2
+2 2
+1 2
+1 2
+12 2
+1 2
+1 2
+1 2
+1 2
+1 2
+1 2
+6 2
+1 2
+1 2

fl=(100)
fn=(422)
104 1
-1 1
+1 2
cfn=(424) __run_exit_handlers
calls=1 -69 
* 2603

fn=(424)
35 8
+5 1
cfi=(101) /build/eglibc-oGUzwX/eglibc-2.19/stdlib/cxa_thread_atexit_impl.c
cfn=(426) __call_tls_dtors
calls=1 +42 
* 1018
* 1
+6 8
+4 6
+3 1
-1 1
+2 5
+33 1
+1 1
-1 1
+1 1
+6 2
+1 5
cfi=(69)
cfn=(478) _IO_cleanup
calls=1 1010 
* 255
* 3
+2 2
cfi=(105)
cfn=(488)
calls=1 -69 
* 5
-19 1
+4 2
-2 2
+2 1
cob=(1)
cfi=(102) /build/eglibc-oGUzwX/eglibc-2.19/elf/dl-fini.c
cfn=(436) _dl_fini
calls=1 +49 
* 1271
+1 1

fl=(56) /build/eglibc-oGUzwX/eglibc-2.19/string/../sysdeps/x86_64/multiarch/../cacheinfo.c
fn=(230) init_cacheinfo
550 1
+13 1
-13 1
+13 1
-13 1
+13 1
+7 2
+2 3
cfn=(232) handle_intel
calls=1 306 
* 734
+4 2
-4 1
+4 1
cfn=(232)
calls=1 306 
* 464
+2 1
-2 1
-1 1
+3 1
+29 1
-18 1
+18 3
+7 2
+9 20
-9 12
+6 6
-6 3
+6 2
+49 4
+75 2
+2 1
+1 1
+2 1
-3 1
+5 1
-5 1
+4 3
+4 2
+2 1
+1 1
+2 1
-3 1
+5 1
+2 1
-7 1
+4 2
+3 1
-3 1
+3 2
-93 5
-45 2
+6 5
+7 2
+4 4
+2 4
-6 4
+4 1
-2 1
+2 1
-4 3
+4 1
-2 1
+2 1
+15 2
-8 1
+2 2
+1 1
-1 2
+1 1
+1 1

fn=(234) intel_check_word
162 12
+6 6
-7 12
+7 12
-7 6
+7 12
-7 6
+7 6
+2 6
-2 6
+2 16
+2 5
+2 10
-2 8
+2 16
+8 26
+53 26
fi=(57) /build/eglibc-oGUzwX/eglibc-2.19/string/../bits/stdlib-bsearch.h
27 13
+1 26
+3 26
+1 13
fe=(56)
150 26
fi=(57)
31 42
+1 21
fe=(56)
150 42
+3 84
fi=(57)
29 61
+2 61
-2 61
+2 106
+1 53
fe=(56)
150 106
275 12
+14 2
+6 11
170 22
-6 4
300 16
fi=(57)
37 23
-8 48
fe=(56)
277 2
+2 4
+21 4
-19 2
+19 4

fn=(232)
306 4
-1 4
+17 2
-17 12
+14 2
+1 4
-3 6
+23 10
cfn=(234)
calls=2 162 
* 652
+1 4
+3 10
cfn=(234)
calls=2 162 
* 325
+1 4
+3 5
cfn=(234)
calls=1 162 
* 20
+1 2
+3 5
cfn=(234)
calls=1 162 
* 89
+1 2
-25 4
+5 2
-5 4
+5 2
+2 2
+1 2
-1 4
+27 16

fl=(90)
fn=(388)
27 2
-1 2
+1 2
+1 4
+1 2
+1 2

fl=(99) /build/eglibc-oGUzwX/eglibc-2.19/libio/putchar.c
fn=(418) putchar
26 1
+2 1
-2 1
+2 18
+1 3
fi=(86) /build/eglibc-oGUzwX/eglibc-2.19/libio/libioP.h
904 2
+1 8
fe=(99)
32 3
-3 2
cfi=(69)
cfn=(364)
calls=1 241 
* 137
* 2

fl=(95)
fn=(398)
32 14
+3 14
+1 14
+1 14
+1 14
+1 14
+2 14
+1 14
+2 14
+1 14
+1 14
+1 14
+1 12
+2 12
+1 12
+1 12
+1 12
+26 2
+1 2
+1 2
+1 2
+1 2
+1 2
+1 2
+1 2
+1 2
+26 2
+1 2
+1 2
+2 2
+1 2
+1 2
+1 2
+1 2
+1 2
+2 2
+3 2
-5 12
+2 12
+3 12

fl=(103)
fn=(464)
31 3
+17 1
-17 5
+4 4
+4 6
-4 3
+32 4
+4 6
-4 3
+12 2
+3 1
-2 1
+2 6
-2 1
cfi=(104) /build/eglibc-oGUzwX/eglibc-2.19/nptl/../nptl/sysdeps/unix/sysv/linux/unregister-atfork.c
cfn=(466) __unregister_atfork
calls=1 -44 
* 7

fl=(58) /build/eglibc-oGUzwX/eglibc-2.19/elf/dl-altinit.c
fn=(238) dlinit_alt
33 3
+1 1

fl=(85)
fn=(356)
66 4
+1 4
+1 4
+1 4
+1 4
+1 4
+1 4
+2 4
+2 4
+30 4
+1 4
+1 4
+1 4
+1 4
+1 2
+1 2
+4 2
+1 2
+1 2
+1 2
+1 2
+1 2
+1 2
+1 2
+1 2
+1 2
+1 2
+1 2
+5 16

fl=(69)
fn=(318) _IO_sputbackc
726 500010
+3 500010
-3 500010
+3 1000020
+1 1000020
+9 500010
+3 1000020
-10 500010
+1 500010
-1 1000020

fn=(344)
447 9
+4 9
-1 9
-3 45
+3 45
+30 1061
cfi=(70)
cfn=(340)
calls=149 824 
* 4917
* 298
+2 149
-2 149
-25 632
+29 18
+1 54

fn=(364)
241 57
+2 57
cfi=(70)
cfn=(340)
calls=19 824 
* 921

fn=(478)
1010 1
+3 1
-3 2
-48 1
+48 2
+3 1
cfn=(480) _IO_flush_all_lockp
calls=1 822 
* 88
-63 1
+63 1
-63 3
+2 9
+2 2
-1 4
+3 4
+6 16
+8 5
+10 5
cfi=(70)
cfn=(482)
calls=1 461 
* 66
+3 2
+7 3
-40 9
+75 7
-53 1
+4 1
-4 1
+2 1
+1 1
+1 1
-2 1
+3 4
+6 3
+1 8

fn=(292) __uflow
363 123
+2 123
-2 123
+2 246
+6 615
+3 246
+2 246
+6 246
+7 246
+1 123
-1 246
cfn=(294) _IO_default_uflow
calls=123 +45 
* 10317
-24 246
+22 369

fn=(294)
434 123
+1 123
-1 123
+1 123
cfi=(70)
cfn=(296)
calls=123 552 
* 8841
+1 246
+2 492
+1 246

fn=(308) _IO_setb
399 10
+1 8
+3 2
+2 8
-3 2
+3 4
+3 8

fn=(310)
182 123
+1 123
-1 123
+1 246
+3 369
+5 123
-1 246
+1 123
+7 123
-4 123
+2 246
+2 123
+1 123
+1 246

fn=(480)
822 3
+6 1
-6 5
+6 2
+6 1
-11 1
+10 1
+2 2
+4 2
-1 3
-1 3
+1 3
+3 9
+10 6
+4 3
-2 3
+2 6
+7 3
-27 6
+31 2
+2 2
+4 9
-31 12

fn=(484)
557 5
+1 1
-1 1
+1 1
cfi=(70)
cfn=(486)
calls=1 886 
* 13
* 2
+9 1
-7 1
+7 1
-7 1
400 1
562 1
+1 1
-1 1
+1 1
400 4
+7 1
-5 1
+1 1
+4 1
570 2
+2 1
-2 1
+1 3
+2 4

fn=(298)
414 6
+1 2
-1 2
+1 2
+6 8
-4 6
+1 6
cfi=(71) /build/eglibc-oGUzwX/eglibc-2.19/libio/filedoalloc.c
cfn=(300) _IO_file_doallocate
calls=2 96 
* 177
* 4

fl=(71)
fn=(300)
96 10
+15 12
cfi=(70)
cfn=(302)
calls=2 1222 
* 28
* 4
+2 8
+11 9
+4 12
cfi=(73) /build/eglibc-oGUzwX/eglibc-2.19/misc/../sysdeps/unix/syscall-template.S
cfn=(306) mmap
calls=2 -47 
* 12
* 4
+1 10
cfi=(69)
cfn=(308)
calls=2 399 
* 42
+1 2
+1 10
-13 1
fi=(107) /build/eglibc-oGUzwX/eglibc-2.19/libio/../sysdeps/unix/sysv/linux/sys/sysmacros.h
-77 6
fe=(71)
+77 1
-2 2
+8 1
-3 1
+3 2

fl=(104)
fn=(466)
36 1
-8 2
+11 2
+82 2

fl=(54)
fn=(226)
24 1
+1 1
+1 1
+1 1
+1 1
+1 1
+1 1
+1 1
+1 1
+1 1
+1 1
+1 1
+1 1
+1 1
+1 1
+1 1
+1 1
+1 1
+1 1
+1 1
+1 1
+1 1
+1 1
+1 1

fl=(82)
fn=(346)
168 4004
+2 2002
+9 35446
+9 2002

fl=(40) /build/eglibc-oGUzwX/eglibc-2.19/string/../sysdeps/x86_64/multiarch/strcmp.S
fn=(180) strncasecmp
140 1
+1 1
+4 1
+1 1
+1 1
+2 1
+1 1
+4 1
+1 1
+1 1
+2 1

fn=(170) strcasecmp
114 1
+1 1
+1 1
cfi=(41)
cfn=(172)
calls=1 -62 
* 74
+3 1
+1 1
+1 1
+2 1
+1 1
+4 1
+1 1
+1 1
+2 1

fl=(76) /build/eglibc-oGUzwX/eglibc-2.19/stdlib/../stdlib/strtol.c
fn=(322) __strtol_internal
97 750015
cfi=(77)
cfn=(324)
calls=250005 232 
* 25750557

fl=(83)
fn=(348)
61 3004
+4 3004
+3 3004
+1 3004
+2 2824
+1 2824
+2 2824
+1 2824
+5 2824
+1 2824
-1 180
+1 180
+2 982
+1 982
+2 982
+1 982
+5 982
+1 982
-1 2022
+1 2022
+11 3004
+1 3004
+11 3004
+1 3004
+21 3004
+4 3004

fl=(44)
fn=(178)
27 5
-1 5
+1 5
+4 10
-3 10

fl=(65)
fn=(278)
26 1
+9 1
+1 2
+1 1
+4 1
+1 1
+1 1
+1 1
+1 1
+2 2
+2 1
+1 1
+3 2
+2 1
+9 1
cfi=(66) /build/eglibc-oGUzwX/eglibc-2.19/setjmp/sigjmp.c
cfn=(280) __sigjmp_save
calls=1 -35 
* 9

fl=(68)
fn=(290)
214 2500090
+11 250009
-11 500018
+11 500018
+1 500018
+88 1500054
+6 750028
+3 1250045
+4 500018
+8 500018
+6 250009
+2 750027
+15 250009
-15 250009
+15 2000072
2590 250009
363 250009
-94 250009
-49 250009
-1 250009
+56 250009
2590 250009
2156 250009
273 250009
2156 250009
367 500018
-95 250009
-7 250009
-1 250009
-1 250009
-1 250009
-12 250009
367 250009
230 250009
-12 250009
367 500018
+37 750027
+25 250009
+1 250009
-1 250009
+1 250009
+26 250009
-89 750027
223 250009
2933 500018
475 1000036
+49 2250081
+80 500018
+5 1500054
+1 750035
+3 250005
+1 1000020
-1 250005
+1 500010
+6 4499589
+3 1999544
-3 123
+3 250497
+2 750015
-1 500010
+1 1250025
cfi=(69)
cfn=(318)
calls=250005 726 
* 3500070
* 500010
+4 2000072
469 1750063
+24 2000072
+21 1250045
2943 1250045
+2 500018
+3 750027
+3 500018
+17 750027
+6 2000072
-31 750027
320 500016
+38 1500054
610 500010
1394 1500030
+5 250005
-5 250005
+5 750015
+9 373974
+3 498632
+2 498632
+1 872606
+2 997264
+12 373974
-27 124658
+33 500010
1729 2000040
-9 1501416
+2 750708
+5 2502129
+57 500010
+1 500010
+26 2250045
cfi=(69)
cfn=(318)
calls=250005 726 
* 3500070
* 500010
+3 500010
+10 250005
-10 250005
+10 250005
-10 250005
+10 250005
+1 1500030
cfi=(76)
cfn=(322)
calls=250005 97 
* 26500572
+4 1000020
+3 500010
+2 500010
+4 500010
1386 250005
+8 250005
-9 250005
+9 250005
472 250005
1408 750015
+23 250694
+3 1000020
691 8
1724 125349
+53 250698
+2 250698
-2 125349
+2 125349
-2 125349
+2 125349
+2 1253490
-52 1250025
+56 1500024
2374 750015
1005 8
-2 8
524 500018
1840 500010
694 4
+35 4
-35 12
+35 4
-35 4
+35 12
+3 32
+59 4
-59 4
+59 32
+38 16
+2 8
493 250009
+28 500018
1842 500010
+1 750015
+14 2500050
729 56
829 4
+10 12
620 738
cfi=(69)
cfn=(292)
calls=123 363 
* 13515
* 738
1777 752082
fi=(75)
28 376041
fe=(68)
1777 1880205
1413 1994528

fl=(66)
fn=(280)
29 2
-1 2
+1 2
+5 3

fl=(63)
fn=(258)
57 6
-22 2
cfn=(260) __new_exitfn
calls=1 +38 
* 38
+2 2
+4 1
+3 1
+1 1
-4 2
+2 1
+4 1
+1 1
+11 4

fn=(260)
73 1
+6 2
-6 3
+6 4
+2 4
-7 2
+9 3
-2 1
+10 1
-10 3
+45 1
+1 1
+3 4
+3 5
-21 1
+1 2

fl=(79) /build/eglibc-oGUzwX/eglibc-2.19/stdio-common/printf.c
fn=(332) printf
28 8040
+4 2
-4 2
+5 2
-1 10
+1 6
cfi=(80)
cfn=(334)
calls=2 235 
* 7690
-1 1001
-4 1001
+5 1001
-1 5005
+1 3003
cfi=(80)
cfn=(334)
calls=1001 235 
* 620075
+4 2006

fl=(73)
fn=(306)
81 10
+1 2

fl=(101)
fn=(426)
82 3
+1 2
cob=(1)
cfi=(36) /build/eglibc-oGUzwX/eglibc-2.19/elf/dl-tls.c
cfn=(434) __tls_get_addr
calls=1 770 
* 11
cob=(1)
cfi=(60)
cfn=(250)
calls=1 -49 
* 990
* 5
* 3
+18 4

fl=(84) /build/eglibc-oGUzwX/eglibc-2.19/libio/ioputs.c
fn=(354) puts
34 8
+2 2
cfi=(85)
cfn=(356)
calls=2 +30 
* 68
+1 2
-1 2
+1 36
+3 6
+1 8
cfi=(70)
cfn=(338)
calls=2 1281 
* 4192
* 4
+1 8
+1 8
fi=(86)
904 4
+1 16
fe=(84)
47 10
-8 4
+3 4
cfi=(69)
cfn=(364)
calls=2 241 
* 274
* 6

fl=(92)
fn=(392)
35 4
+2 6
+1 2
+9 2
-9 2
+9 2
+9 2
-18 4
+18 2
-18 2
+9 2
+9 2
+47 6
+4 4

ob=(2) ???
fl=(14) ???
fn=(264) 0x00000000004004f0
0 6

fn=(206) 0x0000000004a25560
0 6

fn=(476) 0x0000000004a257e8
0 3

fn=(450) 0x0000000000400d04
0 3

ob=(1)
fl=(10) /build/eglibc-oGUzwX/eglibc-2.19/elf/../misc/sbrk.c
fn=(20) sbrk
34 4
+8 6
+4 2
+11 5

fl=(17) /build/eglibc-oGUzwX/eglibc-2.19/string/../sysdeps/x86_64/multiarch/../strcmp.S
fn=(50) strcmp
131 198
+1 198
+1 198
+1 122
+1 122
+1 122
+1 122
cfn=(51) strcmp'2
calls=122 -6 
* 8988
+5 76
+1 76
+1 76
+1 76

fn=(51)
131 1252
+1 1252
+1 1252
+1 1242
+1 1242
+1 1242
+1 1242
cfn=(51)
calls=1130 -6 
* 48439
+2 112
+1 112
+2 10
+1 10
+1 10
+1 10

fl=(25) /build/eglibc-oGUzwX/eglibc-2.19/misc/../sysdeps/unix/syscall-template.S
fn=(68) mmap
81 45
+1 9

fn=(114) mprotect
81 24
+1 6

fn=(198) munmap
81 4
+1 1

fl=(31) /build/eglibc-oGUzwX/eglibc-2.19/elf/dl-misc.c
fn=(100) _dl_name_match_p
288 205
+1 82
cfi=(17)
cfn=(50)
calls=41 131 
* 294
* 41
+1 41
-1 41
+3 41
+2 82
+4 42
-4 84
+1 135
cfi=(17)
cfn=(50)
calls=45 131 
* 720
* 90
-5 3
+11 53
-1 38
+1 152

fn=(132) _dl_sysdep_read_whole_file
45 1
+7 1
-7 3
+7 1
-7 1
+1 1
-1 2
+7 1
cfi=(23) /build/eglibc-oGUzwX/eglibc-2.19/io/../sysdeps/unix/syscall-template.S
cfn=(104) open
calls=1 +29 
* 5
+1 1
-1 1
+1 1
+2 4
cfi=(32) /build/eglibc-oGUzwX/eglibc-2.19/io/../sysdeps/unix/sysv/linux/wordsize-64/fxstat.c
cfn=(112) _fxstat
calls=1 -21 
* 10
* 2
+2 1
+3 1
-3 1
+3 1
+13 2
cfi=(23)
cfn=(118) close
calls=1 +8 
* 5
+3 7
-14 6
cfi=(25)
cfn=(68)
calls=1 +19 
* 6
* 2

fl=(36)
fn=(434)
770 1
+2 3
+3 3
+2 2
+3 1
+1 1

fn=(150) _dl_determine_tlsoffset
112 7
+6 3
+3 2
+36 1
-34 1
+34 2
+2 3
-2 1
-2 1
-40 1
-1 1
-1 2
+44 6
+5 1
-1 1
+5 2
-4 1
-1 1
+7 1
-7 1
+3 2
+2 1
+2 1
-2 2
+16 5
+2 1
+1 1
-1 2
+10 1
-12 4
+15 4
+1 1
+51 1
+1 8

fn=(152) _dl_allocate_tls_storage
328 1
+13 1
-13 2
+2 1
+11 2
cfi=(15) /build/eglibc-oGUzwX/eglibc-2.19/elf/dl-minimal.c
cfn=(40) __libc_memalign
calls=1 51 
* 51
* 1
+1 1
-1 1
+1 1
+7 1
+4 306
-58 1
+1 1
-1 1
+1 2
cfi=(15)
cfn=(32) calloc
calls=1 102 
* 43
* 1
+1 2
+9 1
-6 1
+6 1
+64 5

fn=(192) _dl_allocate_tls_init
376 7
+1 1
-1 1
+1 1
+4 2
+3 1
-1 1
-2 1
+8 3
+5 7
+6 7
+22 2
+1 4
+2 2
+9 1
-8 1
+8 2
-8 1
+8 1
+1 1
+1 3
cfi=(24) /build/eglibc-oGUzwX/eglibc-2.19/string/../sysdeps/x86_64/memcpy.S
cfn=(66) mempcpy
calls=1 61 
* 23
* 5
cfi=(26) /build/eglibc-oGUzwX/eglibc-2.19/string/../sysdeps/x86_64/rtld-memset.S
cfn=(70) memset
calls=1 30 
* 166
* 3
-42 5
+6 2
+3 1
+1 2
+6 1
+3 1
-3 2
+3 1
-1 2
+38 2
+2 1
+1 8

fn=(136) _dl_next_tls_modid
50 1
+3 3
+48 2
+4 2

fn=(190) _dl_add_to_slotinfo
831 3
+9 1
-9 1
+6 2
+8 5
+41 1
+1 3
+1 4

fl=(6) /build/eglibc-oGUzwX/eglibc-2.19/elf/dl-lookup.c
fn=(168) check_match.9481
131 616
+1 176
+2 176
+2 264
-2 176
+12 264
+3 252
cfi=(17)
cfn=(50)
calls=19 -18 
* 1564
* 38
+5 88
-1 88
+1 88
-1 88
+1 88
+2 172
+19 172
+1 688
+46 616
-18 4
+2 4
+1 6
-1 4
+1 2
-1 4
-29 258
cfi=(17)
cfn=(50)
calls=86 -46 
* 7438
* 172

fn=(164) _dl_lookup_symbol_x
714 1128
476 94
714 188
476 282
-1 188
+2 94
-1 94
+1 282
-1 282
+1 1163
-1 1163
+1 3489
-1 3677
716 94
+4 94
+4 94
-8 94
+1 188
+7 266
+5 94
+2 188
-2 94
+6 752
+2 1222
cfn=(166) do_lookup_x
calls=94 82 
* 37388
+3 188
+3 6
-8 24
-7 188
+38 188
+22 88
+1 616
+26 88
+9 440
+14 264
+3 352
+5 88
+2 752
-9 2
-71 42
+16 6
+1 12

fn=(166)
82 846
+1 94
-6 94
+5 282
-5 658
+12 94
229 94
+3 188
-3 94
+3 188
98 94
-3 94
+1 94
+2 94
+3 94
-3 94
+3 94
-3 202
-3 202
+1 202
+2 202
+3 202
-3 202
+3 202
+4 592
+4 592
+4 592
+6 888
+4 592
+1 888
225 296
+1 592
+4 592
-2 296
+5 1184
+4 592
-1 592
+1 296
-1 592
+21 208
+24 416
461 1164
+1 135
cfi=(31)
cfn=(100)
calls=27 288 
* 1142
* 162
+3 624
+3 12
286 656
+4 212
+13 88
+1 88
-1 88
+1 88
+1 88
469 752
240 372
-1 186
+2 186
+2 279
+10 288
-7 920
+2 176
+1 352
-1 176
+1 88
-1 352
+1 264
cfn=(168)
calls=88 131 
* 13506
+1 440

fn=(10) _dl_setup_hash
859 12
+4 4
+4 8
+2 4
-1 4
+3 12
+1 4
+1 8
+3 4
-1 4
-2 4
+3 4
+4 8
-2 4
+1 4
+1 8
+1 4

fl=(28) /build/eglibc-oGUzwX/eglibc-2.19/elf/dl-debug.c
fn=(84) _dl_debug_initialize
50 8
+5 6
+5 2
-1 1
+1 2
+1 2
-1 2
-9 4
+4 8
+4 1
-1 1
-58 4

fn=(86) _dl_debug_state
74 2

fl=(29) /build/eglibc-oGUzwX/eglibc-2.19/elf/dl-error.c
fn=(90) _dl_catch_error
163 6
+15 3
-3 6
+1 6
-13 6
+14 6
+1 3
+2 3
cfi=(2) /build/eglibc-oGUzwX/eglibc-2.19/elf/rtld.c
cfn=(92) _dl_initial_error_catch_tsd
calls=3 797 
* 6
+2 3
-1 3
+4 3
-5 3
+2 3
+3 3
-4 3
+4 3
cfi=(30) /build/eglibc-oGUzwX/eglibc-2.19/setjmp/../sysdeps/x86_64/setjmp.S
cfn=(94) __sigsetjmp
calls=3 26 
* 57
* 9
+2 9
cfi=(33) /build/eglibc-oGUzwX/eglibc-2.19/elf/dl-deps.c
cfn=(122) openaux
calls=2 60 
* 9584
cfi=(2)
cfn=(96) map_doit
calls=1 624 
* 2458
+1 6
+2 3
+1 3
-3 3
+1 6
+1 3
+1 3
+8 12

fn=(138) _dl_receive_error
205 10
+1 1
cfi=(2)
cfn=(92)
calls=1 797 
* 2
+5 1
-1 1
-4 1
+9 1
+2 1
-3 1
+3 1
cfi=(2)
cfn=(140) version_check_doit
calls=1 656 
* 2593
+2 1
+1 1
+1 8

fl=(13) /build/eglibc-oGUzwX/eglibc-2.19/elf/dl-object.c
fn=(44) _dl_add_to_namespace_list
32 6
+2 3
-2 9
+2 3
cfi=(2)
cfn=(46) rtld_lock_default_lock_recursive
calls=3 837 
* 6
+2 22
+4 3
-1 15
+2 2
+2 2
+4 2
+4 2
-4 4
+1 4
+1 4
+2 2
+1 6
-1 2
cfi=(2)
cfn=(48) rtld_lock_default_unlock_recursive
calls=2 843 
* 4
-4 1
+4 1
-4 2
+1 2
+1 2
+2 1
+1 3
-1 1
cfi=(2)
cfn=(48)
calls=1 843 
* 2
-5 2

fn=(28) _dl_new_object
61 42
+1 3
cfi=(9) /build/eglibc-oGUzwX/eglibc-2.19/string/../sysdeps/x86_64/multiarch/../rtld-strlen.S
cfn=(18) strlen
calls=3 -36 
* 154
+6 3
-6 12
+6 33
+7 12
cfi=(15)
cfn=(32)
calls=3 +27 
* 155
* 3
+3 3
-3 3
+3 3
+4 3
+5 6
-6 3
+6 3
-5 3
+4 6
+1 3
cfi=(16) /build/eglibc-oGUzwX/eglibc-2.19/string/../sysdeps/x86_64/multiarch/../memcpy.S
cfn=(42) memcpy
calls=3 -26 
* 88
* 3
+10 6
-8 3
+9 3
-1 6
+1 6
-1 3
+1 6
+3 3
-3 3
+3 3
+9 3
-7 3
+4 3
+3 8
+2 2
-2 2
+2 30
-2 30
+12 3
+6 3
-5 3
-1 3
+6 9
-2 3
+2 6
+2 6
+3 7
+4 6
+4 6
+2 1
+6 1
+3 2
+3 5
-3 4
+3 10
+2 2
+4 2
-4 2
cfi=(9)
cfn=(18)
calls=2 26 
* 144
* 4
+4 2
-4 2
+4 6
+64 4
+4 24
-88 6
-39 7
+39 3
+70 6
cfi=(24)
cfn=(66)
calls=2 61 
* 71
* 2
+5 40
+1 40
-1 40
+1 42
-1 2
+1 6
+5 4
-57 4
cfi=(15)
cfn=(36) malloc
calls=2 -72 
* 68
* 2
+1 2
-1 2
+1 6

fl=(20) /build/eglibc-oGUzwX/eglibc-2.19/posix/../sysdeps/unix/syscall-template.S
fn=(58) uname
81 4
+1 1

fl=(19) /build/eglibc-oGUzwX/eglibc-2.19/elf/../sysdeps/unix/sysv/linux/dl-sysdep.c
fn=(56) _dl_discover_osversion
45 7
+2 3
+85 8
-45 3
cfi=(20)
cfn=(58)
calls=1 -6 
* 5
* 1
+15 1
-15 1
+20 1
-1 1
+3 12
+4 3
-2 6
+2 10
+2 1
+1 2
-3 4
+7 3
-1 3
+4 3
-2 3
+2 10
+5 2

fl=(9)
fn=(18)
26 21
+1 21
+1 21
+1 21
+2 10
+1 10
+2 10
+1 10
-1 41
+1 41
+1 50
+1 50
+1 50
+2 40
+5 20
+1 20
+1 20
+1 20
+3 20
-6 11
+1 11
+1 11
+1 11
+3 11
+1 28
+1 28
+1 28
+2 28
+3 25
+1 25
+1 25
+1 25
+3 25
+1 19
+1 19
+1 19
+2 19
+3 15
+1 15
+1 15
+1 15
+3 15
+1 14
+1 14
+1 14
+2 14
+3 14
+1 14
+1 14
+1 14
+3 14
+1 13
+1 13
+1 13
+2 15
+3 2
+2 2
+1 2
-3 18
+2 18
+1 18
+1 15
+2 15
+1 15
+1 15
+2 15
+1 15
+1 12
+2 12
+1 12
+1 11
+2 11
+2 11
+1 11
+1 9
+2 9
+1 9
+1 9
+2 9
+1 9
+1 6
+2 6
+1 6
-1 15
+1 15

fl=(39) /build/eglibc-oGUzwX/eglibc-2.19/elf/dl-reloc.c
fn=(158) _dl_relocate_object
154 40
+15 4
-15 8
+15 4
+1 16
+6 8
+6 12
-18 8
+22 8
+7 8
-32 4
+77 4
fi=(5) /build/eglibc-oGUzwX/eglibc-2.19/elf/../sysdeps/x86_64/dl-machine.h
71 4
fe=(39)
238 8
fi=(5)
71 12
fe=(39)
264 180
-99 15
fi=(5)
276 24
fe=(39)
-12 3
fi=(4) /build/eglibc-oGUzwX/eglibc-2.19/elf/do-rel.h
48 3
fe=(39)
264 3
fi=(4)
58 3
fe=(39)
264 3
fi=(4)
47 6
+11 6
fe=(39)
264 1
-99 5
fi=(5)
276 8
fe=(39)
-12 1
fi=(4)
48 1
fe=(39)
264 1
fi=(4)
58 1
fe=(39)
264 1
fi=(4)
47 2
+11 2
fe=(39)
264 4
fi=(4)
48 4
fe=(39)
264 4
fi=(4)
58 4
fe=(39)
264 4
fi=(4)
47 8
+11 8
+3 12
fi=(5)
503 34
+4 34
+2 51
+1 17
fi=(4)
61 63
+2 66
+2 17
-4 3
+13 6
+1 5
+1 10
fi=(5)
503 5
+24 5
fi=(4)
75 5
fi=(5)
527 5
+2 5
cob=(3)
cfi=(46)
cfn=(186)
calls=1 49 
* 13
cob=(3)
cfi=(45)
cfn=(182)
calls=1 31 
* 68
cob=(3)
cfi=(40)
cfn=(180)
calls=1 140 
* 11
cob=(3)
cfi=(42)
cfn=(174)
calls=1 37 
* 68
cob=(3)
cfi=(40)
cfn=(170)
calls=1 114 
* 86
fi=(4)
75 5
fi=(5)
530 5
fi=(4)
75 7
fe=(39)
264 3
fi=(4)
75 7
fe=(39)
264 21
+3 12
+28 4
+3 8
+17 12
+2 32
fi=(4)
84 5
+2 10
+12 5
-15 5
+15 5
-15 5
+15 5
+10 6
+3 8
fi=(5)
487 2
fi=(4)
112 4
fi=(5)
487 1196
fi=(4)
112 2384
fi=(5)
487 2384
+5 2388
+1 2388
fi=(4)
111 2388
fi=(5)
493 1194
fi=(4)
111 1194
+7 15
+3 4
+3 4
-3 4
+3 4
fi=(5)
422 3
fi=(4)
50 3
fi=(5)
422 3
fi=(4)
51 3
fi=(5)
422 12
fi=(4)
127 380
+9 190
+3 190
fi=(5)
244 95
fi=(4)
138 95
-2 95
+1 380
fi=(5)
244 95
+21 190
+4 190
+7 1805
fi=(4)
137 75
+1 75
fi=(5)
276 150
fi=(4)
137 75
fi=(5)
276 249
fi=(4)
137 6
+1 6
fi=(5)
276 12
fi=(4)
137 6
fi=(5)
276 1071
cfi=(6)
cfn=(164)
calls=81 714 
* 47712
* 405
+2 252
+3 93
-3 186
+3 279
+6 665
fe=(39)
183 8
+81 5
fi=(5)
77 6
+4 9
+14 3
-8 3
+8 6
+13 6
+3 12
410 252
fi=(4)
124 297
+19 6
fi=(5)
276 33
382 30
+4 50
+5 50
-71 2
+1 3
fi=(4)
108 3
fe=(39)
323 8
+1 4
+1 4
-1 4
-1 8
+2 4
+3 8
+1 12
cfi=(25)
cfn=(114)
calls=4 81 
* 20
* 8
fi=(4)
160 8
+2 20
+8 10
+1 5
-1 5
+1 5
fi=(5)
+73 5
fi=(4)
-74 10
fi=(5)
+74 5
+21 10
+4 10
+7 135
cfi=(6)
cfn=(164)
calls=5 714 
* 2504
* 20
+2 15
+3 1
-3 2
+3 3
+6 35
410 15
fi=(4)
160 15
+14 5
fi=(5)
276 86
fe=(39)

fl=(15)
fn=(32)
102 8
+7 24
-3 8
+3 16
+4 8
cfn=(36)
calls=8 -20 
* 298
* 8

fn=(36)
93 29
+1 58
cfn=(40)
calls=29 -43 
* 917
* 29

fn=(82) free
121 5
-2 10
+2 5
+7 10

fn=(76) strsep
338 16
+2 8
+1 16
+4 378
+7 1020
-2 688
+4 8
+6 170
-15 512
+18 2
+4 2
-4 4
+4 6
-11 8
+1 4

fn=(40)
51 120
+1 148
+11 29
+1 29
-1 29
+3 29
-3 29
+3 58
-3 1
+1 1
-1 1
+3 1
-3 1
+3 110
+4 12
+1 9
+6 21
cfi=(25)
cfn=(68)
calls=3 +4 
* 18
+2 15
+4 9
+3 3
+1 3
+2 15
-3 27
+1 27
+2 216
-31 3
+1 1
-2 3

fl=(26)
fn=(70)
30 13
+1 13
+1 13
+1 2161
+1 13
+1 13

fl=(12) /build/eglibc-oGUzwX/eglibc-2.19/string/../string/memcmp.c
fn=(26) bcmp
315 13
+3 13
-3 65
+4 13
-4 13
+7 26
+4 12
+16 4
+1 8
-1 8
129 21
-18 6
346 4
+4 2
+2 2
-2 4
+1 2
+5 22
+2 10
+1 10
+1 10
+3 109
-3 62
-2 62
+1 62
+4 124
-7 140
+12 9
+1 104
228 1
-7 1
+1 1
+4 1
+2 1
-6 1
+4 1
+2 5
-95 3
+1 3
+1 3
+1 3
+1 3
+48 3
-2 3
+1 3
+1 15
-80 2
+1 4
+4 4
-5 8
+1 16
+4 18
234 1
+2 1
-4 1
+1 1
+4 1
-2 1
+56 2
-2 1
+2 2
-1 1
+1 2
+1 2
+12 6
+1 2
197 2
299 2
192 2

fl=(60)
fn=(250)
34 8
+2 8
+1 8
+1 8
+1 8
+1 8
+1 8
+1 8
+1 8
+1 8
+1 8
cfi=(61) /build/eglibc-oGUzwX/eglibc-2.19/elf/../elf/dl-runtime.c
cfn=(252) _dl_fixup
calls=8 +21 
* 6547
+1 8
+1 8
+1 8
+1 8
+1 8
+1 8
+1 8
+1 8
+1 8
+2 8

fl=(2)
fn=(140)
656 2
+2 4
cfi=(37) /build/eglibc-oGUzwX/eglibc-2.19/elf/dl-version.c
cfn=(142) _dl_check_all_versions
calls=1 380 
* 2583
* 2
+4 2

fn=(154) security_init
850 2
+2 1
fi=(38) /build/eglibc-oGUzwX/eglibc-2.19/elf/../sysdeps/unix/sysv/linux/dl-osinfo.h
61 2
+23 2
+2 1
+7 1
fe=(2)
854 1
+7 1
fi=(38)
101 2
+11 1
fe=(2)
863 1
+7 1
-5 1
+6 3

fn=(48)
843 8

fn=(88) do_preload
803 1
+12 1
-12 5
+10 1
-4 1
+1 1
+5 4
-10 1
+6 1
+4 1
cfi=(29)
cfn=(90)
calls=1 163 
* 2519
+1 3
+8 3
+6 5

fn=(2) _dl_start
361 9
+18 4
fi=(3) /build/eglibc-oGUzwX/eglibc-2.19/elf/get-dynamic-info.h
44 1
fe=(2)
379 1
fi=(5)
58 3
fi=(3)
-14 1
fe=(2)
408 1
-3 1
fi=(3)
44 1
+17 2
-3 1
-7 1
+5 1
+3 1
+2 1
-3 1
-3 1
-3 2
-5 26
+15 13
-18 39
+18 1
-18 3
+2 36
+5 20
+1 16
+10 4
-18 12
+25 2
+20 4
+1 4
+1 4
+1 4
+2 4
+5 4
+1 4
+1 4
+6 3
+5 2
+7 3
+1 3
+8 3
+2 3
+3 2
+1 2
fe=(2)
536 2
+7 1
284 2
+12 2
cfi=(6)
cfn=(10)
calls=1 859 
* 25
+1 2
+1 2
+1 2
+1 2
+21 1
+10 1
-10 3
+10 1
-6 1
-4 1
+10 1
cfi=(7) /build/eglibc-oGUzwX/eglibc-2.19/elf/../elf/dl-sysdep.c
cfn=(12) _dl_sysdep_start
calls=1 86 
* 103353
* 1
+9 4
+3 1
+4 1
-4 1
+4 1
568 9
fi=(3)
53 4
+3 4
fe=(2)
541 34
fi=(4)
84 1
+27 1
-28 1
+28 2
+1 2
fi=(5)
492 2
fi=(4)
112 18
fi=(5)
492 18
+1 20
fi=(4)
111 20
fi=(5)
493 10
fi=(4)
111 10
+5 2
+8 1
fi=(5)
287 1
fi=(4)
124 2
+13 1
+2 2
-2 1
fi=(5)
241 1
fi=(4)
137 1
fi=(5)
269 1
fi=(4)
137 2
fi=(5)
269 1
fi=(4)
137 8
+2 16
-2 8
fi=(5)
241 8
fi=(4)
137 8
fi=(5)
269 8
fi=(4)
137 16
fi=(5)
269 8
+9 18
+3 9
-3 18
+3 27
+6 54
fi=(3)
59 4
+1 1
+1 2
fe=(2)
284 73
fi=(5)
391 9
+9 9
fi=(4)
124 28
fe=(2)

fn=(22) dl_main
887 1
+19 1
-19 9
+19 1
+3 1
2488 1
887 1
2488 1
909 1
+4 1
-26 1
+26 1
+1 2
+5 2
2481 2
+7 1
-4 1
+4 1
-5 1
+5 9
+2 2
cfi=(11) /build/eglibc-oGUzwX/eglibc-2.19/elf/dl-environ.c
cfn=(24) _dl_next_ld_env_entry
calls=1 30 
* 68
* 4
cfi=(11)
cfn=(24)
calls=2 30 
* 372
* 9
+4 48
+1 19
-1 57
+3 4
+6 16
+76 4
cfi=(12)
cfn=(26)
calls=1 315 
* 120
* 2
+2 3
-55 4
cfi=(12)
cfn=(26)
calls=1 315 
* 26
* 2
2653 3
+33 3
929 4
1128 7
cfi=(13)
cfn=(28)
calls=1 61 
* 248
+2 1
-2 1
+2 1
+1 1
+1 1
+5 2
-5 1
+1 3
+4 1
cfi=(13)
cfn=(44)
calls=1 32 
* 34
+1 2
896 1
1167 1
-3 1
-5 1
+1 1
+2 1
+5 6
+56 2
893 1
1223 2
-55 24
-1 27
+1 47
-1 2
1270 3
+3 2
+2 2
+2 2
+13 3
+1 8
cfi=(17)
cfn=(50)
calls=1 131 
* 7
* 3
+7 1
+3 1
-5 1
+3 1
+2 1
+1 2
+4 2
+2 2
fi=(3)
29 1
+9 2
+6 1
-2 1
+2 2
+7 1
+5 1
+3 1
+2 1
-3 1
-3 1
-3 14
+10 3
-18 9
+8 19
+10 19
-18 57
+18 1
-18 3
+2 46
+5 16
+2 4
+16 3
+38 3
+5 2
+7 2
+1 3
+16 3
+14 3
+18 2
fe=(2)
1313 2
cfi=(6)
cfn=(10)
calls=1 859 
* 25
+3 4
fi=(18) /build/eglibc-oGUzwX/eglibc-2.19/elf/setup-vdso.h
24 2
fe=(2)
1338 1
cfi=(19)
cfn=(56)
calls=1 45 
* 93
* 8
1172 3
+1 1
+90 2
+1 2
+1 1
-6 2
+1 1
-37 2
-1 2
+1 4
-1 2
+2 4
+1 1
+3 2
+1 2
-1 2
+1 2
+1 2
+1 6
+1 2
-43 1
-2 2
+27 1
-25 1
+7 2
-10 1
+10 1
-19 3
+1 1
fi=(3)
56 4
+3 4
+1 1
+1 3
fe=(2)
2533 4
cfi=(12)
cfn=(26)
calls=1 315 
* 80
* 2
+2 3
1343 2
cfi=(21) /build/eglibc-oGUzwX/eglibc-2.19/elf/dl-load.c
cfn=(60) _dl_init_paths
calls=1 714 
* 6786
+3 3
cfi=(28)
cfn=(84)
calls=1 50 
* 17
+7 1
-7 1
+2 1
+5 1
+3 3
+1 1
+3 1
-3 3
+1 2
+3 1
+5 1
-7 1
+7 1
+1 5
+4 1
+4 1
-2 4
+1 2
+1 3
+5 2
+1 6
+2 2
+1 2
+5 2
+5 3
902 1
1575 3
+3 2
+4 3
+5 2
+1 1
cfi=(28)
cfn=(86)
calls=1 74 
* 1
+5 3
+15 3
+4 3
+31 3
cfi=(23)
cfn=(64) access
calls=1 81 
* 9
* 2
+77 4
+17 3
+1 1
-1 1
+1 2
-1 1
+1 5
cfi=(33)
cfn=(120) _dl_map_object_deps
calls=1 147 
* 11078
+1 1
+5 1
-5 3
+2 2
+3 4
+1 4
-1 2
+1 12
-1 6
+4 3
+1 3
+1 1
+2 2
+1 5
-1 4
+1 4
-1 6
-28 1
+1 1
-1 7
+4 1
+1 1
-1 1
+2 2
+1 2
+35 1
-1 2
+1 1
+2 1
+2 3
+2 1
-4 2
+5 1
-1 2
+14 2
+1 2
+1 3
+12 1
+1 1
-2 1
+2 1
-2 1
+2 1
-2 1
+2 1
-2 1
+2 1
cfi=(29)
cfn=(138)
calls=1 205 
* 2623
+10 1
+1 1
-1 1
+1 1
+1 1
cfn=(148) init_tls
calls=1 723 
* 615
* 1
+2 2
+3 1
cfn=(154)
calls=1 850 
* 20
+2 2
2050 3
+56 1
+4 1
+7 1
-11 1
+4 3
+4 2
+3 1
+8 2
+95 4
+1 1
+5 2
cfi=(36)
cfn=(192)
calls=1 376 
* 275
+4 2
+14 3
+2 2
+29 1
cfi=(7)
cfn=(194) _dl_sysdep_start_cleanup
calls=1 256 
* 1
+4 3
+20 3
cfi=(28)
cfn=(84)
calls=1 50 
* 8
+1 1
+1 1
cfi=(28)
cfn=(86)
calls=1 74 
* 1
+5 1
cfi=(35) /build/eglibc-oGUzwX/eglibc-2.19/elf/dl-cache.c
cfn=(196) _dl_unload_cache
calls=1 309 
* 15
+5 8
-65 2
+15 1
+3 1
-3 1
+3 1
-3 2
+3 2
-3 1
+2 1
+1 1
cfi=(39)
cfn=(158)
calls=1 154 
* 6295
+1 4
+2 3
-96 3
+7 1
+2 11
+2 1
+2 12
+5 8
+2 8
+8 4
-2 4
+2 8
+1 24
cfi=(39)
cfn=(158)
calls=3 154 
* 69309
+4 14
-22 12
+25 4
+2 1
+6 1
-6 1
+6 1
-22 1
+1 1
-3 2
+14 2
cfi=(36)
cfn=(190)
calls=1 831 
* 20
* 1
-69 1
895 2
1763 2
+21 3
1619 2
cfi=(9)
cfn=(18)
calls=1 26 
* 91
* 8
cfi=(16)
cfn=(42)
calls=1 61 
* 65
* 1
+3 5
-12 1
+12 1
+3 3
cfi=(15)
cfn=(76)
calls=1 338 
* 765
* 3
cfi=(15)
cfn=(76)
calls=1 338 
* 6
* 6
+1 2
+1 3
+2 4
cfn=(88)
calls=1 803 
* 2547
* 2
1332 3
1631 1
+1 1
-1 3
+1 1
+1 3

fn=(96)
624 2
+2 7
cfi=(21)
cfn=(98) _dl_map_object
calls=1 2317 
* 2446
* 1
+2 2

fn=(46)
837 8

fn=(148)
723 1
-1 1
-6 1
+2 2
+4 1
+10 4
cfi=(15)
cfn=(32)
calls=1 102 
* 43
* 1
+11 1
-15 1
+3 1
+6 1
+2 1
-11 1
+15 1
+2 1
-1 1
+1 10
+2 8
+4 1
+2 1
-2 2
-5 8
+9 3
+3 1
cfi=(36)
cfn=(150)
calls=1 112 
* 73
+7 1
cfi=(36)
cfn=(152)
calls=1 328 
* 428
+1 1
-1 1
+1 1
+6 1
+8 1
-8 1
+8 6
+4 1
+2 1
+1 2

fn=(92)
797 8

fl=(21)
fn=(74) fillin_rpath
486 8
+2 1
-2 9
+5 1
cfi=(15)
cfn=(76)
calls=1 338 
* 21
* 3
+4 4
cfn=(78) expand_dynamic_string_token
calls=1 -80 
* 125
* 16
cfn=(78)
calls=4 -80 
* 953
+2 5
-2 5
+2 5
cfi=(9)
cfn=(18)
calls=5 26 
* 255
+4 5
-4 5
+4 5
+7 36
+34 10
+4 15
+1 15
-1 5
+1 5
-2 5
cfi=(15)
cfn=(36)
calls=5 93 
* 170
* 5
+3 5
-3 5
+3 15
+5 5
+1 15
-2 5
+2 5
cfi=(24)
cfn=(66)
calls=5 61 
* 170
+3 5
-3 5
+3 5
-2 5
+2 5
+1 1
+5 4
+1 2
-1 16
+1 68
+1 50
+3 5
-1 10
+1 5
+7 5
+1 5
-1 5
+4 15
+2 10
cfi=(15)
cfn=(82)
calls=5 121 
* 30
* 5
* 10
-90 5
cfi=(15)
cfn=(76)
calls=5 338 
* 2050
* 10
+94 1
+3 9
-72 3
-12 1
+19 120
+1 64
cfi=(12)
cfn=(26)
calls=1 315 
* 77
* 2
-16 2
+5 2
+3 3
-3 6
+3 17
+26 10
+31 10

fn=(102) open_verify
1873 10
+36 1
-36 2
+36 2
+21 4
cfi=(23)
cfn=(104)
calls=1 81 
* 5
+1 1
-1 1
+1 1
+10 1
+1 2
+5 6
cfi=(23)
cfn=(106) read
calls=1 81 
* 5
+2 2
+2 1
+2 1
-2 2
+2 1
+6 2
+16 5
cfi=(12)
cfn=(26)
calls=1 315 
* 88
* 2
+2 1
-2 2
+4 4
cfi=(12)
cfn=(26)
calls=1 315 
* 80
-4 2
+75 2
+5 2
+3 4
+5 2
+7 1
+1 1
-1 4
+1 3
+1 1
+15 61
+2 19
+4 4
+1 2
+13 1
+1 1
+2 1
-3 1
+1 1
-1 1
+1 1
-2 1
+4 2
-7 4
cfi=(12)
cfn=(26)
calls=1 315 
* 80
* 2
-97 3
2154 8

fn=(60)
714 1
+13 2
-13 8
+13 3
cfi=(22) /build/eglibc-oGUzwX/eglibc-2.19/elf/dl-hwcaps.c
cfn=(62) _dl_important_hwcaps
calls=1 39 
* 351
+5 1
-5 1
+5 1
cfi=(15)
cfn=(36)
calls=1 93 
* 34
* 1
+1 1
-1 1
-1 1
+2 1
+8 1
-1 1
+1 4
-1 4
+5 2
cfi=(15)
cfn=(36)
calls=1 93 
* 55
* 1
+2 1
-3 1
+3 2
+29 1
-12 1
-10 1
+11 1
+3 2
+8 1
-12 1
+3 2
-14 1
+9 1
+5 3
+9 2
-7 27
cfi=(26)
cfn=(70)
calls=4 30 
* 88
+7 16
-12 3
+12 6
-14 3
+3 6
-1 3
+3 3
-5 3
+6 12
+4 3
-3 3
+3 6
-3 3
-7 6
+25 1
-11 1
+6 1
+1 1
+5 2
+2 4
+2 3
+38 4
+8 3
cfi=(27) /build/eglibc-oGUzwX/eglibc-2.19/string/../sysdeps/x86_64/multiarch/../strchr.S
cfn=(72) index
calls=1 24 
* 108
* 2
+2 2
cfi=(9)
cfn=(18)
calls=1 26 
* 186
* 8
cfi=(16)
cfn=(42)
calls=1 61 
* 105
* 1
+17 3
-1 2
+3 1
+1 3
+1 1
-4 3
+2 126
+1 378
+1 126
-4 379
+8 1
cfi=(15)
cfn=(36)
calls=1 93 
* 34
* 1
+1 1
-2 1
+2 1
+6 8
cfn=(74)
calls=1 486 
* 4580
+4 3
+6 1
+4 8
-75 1
-2 1
+2 2
+14 2

fn=(108) _dl_map_object_from_fd
923 24
+11 2
-11 2
+11 2
-11 4
+11 2
cfi=(28)
cfn=(84)
calls=2 50 
* 16
+4 6
-4 2
+4 2
cfi=(32)
cfn=(112)
calls=2 34 
* 20
* 4
+11 14
+1 6
-1 15
+1 20
+17 4
+25 4
+10 4
+22 8
+32 4
935 2
1059 14
cfi=(13)
cfn=(28)
calls=2 61 
* 1042
+1 2
-1 2
+1 2
+11 4
+5 2
-5 2
+1 4
+1 2
+2 2
-2 2
+2 8
+1 6
+1 2
+24 4
+8 2
-8 18
+8 2
-8 2
+8 2
+89 2
-95 2
-1 2
+96 2
1092 2
1198 4
+8 10
-96 32
-1 136
+1 104
+6 4
+1 6
+1 2
+3 2
+1 1
+5 20
+6 8
+1 4
-1 16
+8 4
+2 8
-2 4
+1 4
+4 4
-5 8
+1 8
+1 4
+1 4
+3 4
+4 4
-9 4
+2 4
+1 4
+1 4
+1 4
+4 4
+1 6
+5 4
-16 2
+16 10
+10 2
-10 4
-16 2
+16 10
+10 2
+3 3
+5 1
-1 1
+3 1
-1 1
-1 1
+1 1
+3 3
+1 2
+3 2
+4 4
+6 1
cfi=(36)
cfn=(136)
calls=1 50 
* 8
* 2
+1 1
+60 4
+1 6
+1 2
-6 4
+1 8
+8 6
+13 16
+2 4
+14 2
+5 12
cfi=(25)
cfn=(68)
calls=2 81 
* 12
+4 2
-4 2
+4 2
+7 2
+1 2
-1 2
+1 2
+2 2
-3 2
+1 2
+2 2
+10 2
+2 2
+33 12
+1 6
+2 8
+8 16
+6 2
+2 2
-2 2
+1 2
+2 2
-1 2
+1 2
-1 6
+8 4
+3 4
+11 14
cfi=(26)
cfn=(70)
calls=2 30 
* 1908
+1 10
+5 4
+15 4
-74 20
+2 8
+2 16
cfi=(25)
cfn=(68)
calls=2 81 
* 12
* 4
-30 2
-1 10
cfi=(25)
cfn=(114)
calls=2 81 
* 10
* 2
1072 2
1418 8
+9 4
fi=(3)
38 2
fe=(21)
1427 2
fi=(3)
38 2
+6 2
-2 2
+2 4
+7 2
+5 2
+3 2
-1 2
-3 2
-3 36
+10 8
-18 24
+8 35
+10 35
-18 105
+18 2
-18 6
+2 90
+5 40
+2 8
+16 4
+20 7
+1 8
+1 8
+1 8
+2 8
+5 8
+1 7
+1 8
+6 6
+5 4
+7 4
+1 6
+16 6
+5 1
+2 1
-2 1
+2 1
+2 2
+2 2
+3 6
+10 1
-8 2
+9 2
-1 1
+5 2
+3 4
fe=(21)
1433 4
+16 6
+19 4
+2 10
+55 6
+1 2
+3 2
cfi=(23)
cfn=(118)
calls=1 81 
* 5
* 2
cfi=(23)
cfn=(118)
calls=1 81 
* 5
* 4
+8 10
+3 6
+2 2
-2 2
+2 2
+16 4
cfi=(6)
cfn=(10)
calls=2 859 
* 50
+4 4
+1 4
+17 4
+1 1
+3 1
+5 1
-5 1
+1 2
+4 1
-5 1
+5 1
-5 1
+1 2
+4 1
+10 6
cfi=(13)
cfn=(44)
calls=2 32 
* 84
+4 8
+20 16
fi=(3)
56 8
+3 8
+1 2
+1 8
fe=(21)
1356 5
+2 1
-1 3
+1 2
-1 1
+1 2
-1 2
+3 4
+43 8
cfi=(25)
cfn=(68)
calls=1 81 
* 6
+3 2
1537 4
474 2

fn=(126) open_verify.constprop.6
1871 210
+38 21
-38 21
+38 42
+21 84
cfi=(23)
cfn=(104)
calls=21 81 
* 185
+1 21
-1 21
+1 21
+10 1
+1 2
+5 6
cfi=(23)
cfn=(106)
calls=1 81 
* 5
+2 2
+2 1
+2 1
-2 2
+2 1
+6 2
+16 5
cfi=(12)
cfn=(26)
calls=1 315 
* 88
* 2
+2 1
-2 2
+4 4
cfi=(12)
cfn=(26)
calls=1 315 
* 80
-4 2
+75 2
+5 2
+3 4
+5 2
+7 1
+1 1
-1 5
+1 3
+1 1
-2 1
+17 45
+2 17
+4 4
+1 2
+13 1
+1 1
+2 1
-3 1
+1 1
-1 1
+1 1
-2 1
+4 2
+5 1
+1 1
-13 4
cfi=(12)
cfn=(26)
calls=1 315 
* 73
* 4
cfi=(12)
cfn=(26)
calls=1 315 
* 80
* 4
+16 2
+6 1
-3 1
+1 1
+1 1
+1 2
+1 4
-4 1
+1 1
+1 1
-1 3
-1 1
+4 2
+5 20
+23 168

fn=(78)
415 48
+10 18
cfi=(27)
cfn=(72)
calls=6 24 
* 210
* 12
161 12
cfi=(9)
cfn=(18)
calls=6 26 
* 438
* 6
+1 12
cfi=(15)
cfn=(36)
calls=6 -69 
* 204
* 6
+2 12
+3 18
440 30
167 6
cfi=(16)
cfn=(42)
calls=6 61 
* 285

fn=(124) open_path
2168 8
+1 1
-1 5
+7 1
-7 1
+1 1
+6 1
+5 2
-7 1
+7 1
-8 1
+8 3
+74 1
-74 1
+74 1
-22 2
-52 1
+52 3
-40 1
-9 1
+9 5
-9 4
+9 4
+7 20
cfi=(24)
cfn=(66)
calls=5 61 
* 170
+1 5
-1 5
+1 15
-13 10
+33 32
-20 31
+3 40
+4 160
cfi=(24)
cfn=(66)
calls=20 61 
* 425
* 80
cfi=(24)
cfn=(66)
calls=20 61 
* 460
* 20
+3 20
+3 40
+3 120
cfn=(126)
calls=20 1871 
* 780
* 20
+2 60
+26 16
+2 12
-21 32
+1 144
+6 32
+2 48
-2 16
+2 16
cfi=(34) /build/eglibc-oGUzwX/eglibc-2.19/io/../sysdeps/unix/sysv/linux/wordsize-64/xstat.c
cfn=(128) _xstat
calls=16 34 
* 202
* 32
+1 2
+2 2
-2 2
+2 16
+7 4
-44 4
+37 28
+7 28
-44 32
+85 19
+7 5
-2 5
+2 15
+3 3
-13 1
+27 22
-72 28

fn=(98)
2317 24
+7 3
-7 6
+7 3
+1 6
+3 27
+12 12
-12 18
+5 21
+1 14
+2 21
cfi=(31)
cfn=(100)
calls=7 288 
* 492
* 15
2607 24
2362 4
+10 12
+26 4
-2 2
+2 2
cfi=(27)
cfn=(72)
calls=2 24 
* 46
* 4
2538 6
cfn=(78)
calls=1 415 
* 239
+1 1
-3 1
+4 1
-1 2
+4 6
cfn=(102)
calls=1 1873 
* 447
+3 1
-3 1
+3 1
+12 8
+2 4
+44 2
+1 16
-1 2
+1 6
cfn=(108)
calls=2 923 
* 4880
* 2
2402 2
cfi=(9)
cfn=(18)
calls=1 26 
* 63
* 1
+2 1
-2 1
+2 1
+7 4
+35 2
+1 15
cfn=(124)
calls=1 2168 
* 3329
* 3
+6 6
691 1
2454 1
691 2
2530 2
-95 4
+21 2
+6 4
+2 3
+4 2
cfi=(35)
cfn=(130) _dl_load_cache_lookup
calls=1 182 
* 1299
+2 1
-2 1
+2 1
+4 3
+8 2
+22 9
cfn=(126)
calls=1 1871 
* 529
+3 3
161 3
cfi=(9)
cfn=(18)
calls=1 26 
* 85
* 1
+1 2
cfi=(15)
cfn=(36)
calls=1 -69 
* 34
* 1
+2 3
+3 4
cfi=(16)
cfn=(42)
calls=1 61 
* 89
2510 1
-1 1
+1 2
-74 7
691 1
2437 1
691 2
2415 1
+8 3
-7 3
-1 1
+8 8
-3 3
691 1
2421 1
691 2
2341 18
+3 2
+2 2
-1 4
+1 2
cfi=(17)
cfn=(50)
calls=2 131 
* 21
* 4

fl=(16)
fn=(42)
61 17
+2 17
+2 17
+3 16
+1 16
+2 7
+1 7
+2 7
+1 7
+5 7
+1 7
-1 9
+1 9
+2 3
+1 3
+2 3
+1 6
+5 3
+1 3
-1 13
+1 13
+2 4
+1 4
+2 4
+1 4
+5 4
+1 4
-1 12
+1 12
+2 9
+1 9
+2 9
+1 9
+5 9
+1 9
-1 7
+1 14
+5 7
+1 7
+1 7
+1 7
+2 7
+2 7
+1 7
+2 7
+8 16
+8 8
+6 8
+2 8
+1 8
+3 5
+1 10
+5 5
+1 5
+2 5
+2 5
+1 5
+2 5
-8 17
+1 17
+2 17
+2 17
+1 17
+2 22
+9 5
+1 5
-1 3
+1 3
+3 8
+1 8
+1 8
+5 8
+2 8
+1 8
+1 8
+1 8
+2 8
+1 8
+1 8
+1 8
+2 8
+1 8
+2 8
+2 1
+2 1
+1 1
+1 1
+1 1
+2 1
+1 1
+1 1
+1 1
+2 1
+1 1
+2 1
+5 8
+6 8
+1 8
+2 1

fl=(7)
fn=(12)
86 7
+25 1
-1 1
+1 1
-25 1
+25 210
+6 1
-3 1
+1 1
-4 1
+3 1
+3 4
+1 6
-1 3
-29 1
-1 2
+31 105
-1 82
fi=(19)
-82 2
cfi=(8) /build/eglibc-oGUzwX/eglibc-2.19/elf/../sysdeps/unix/sysv/linux/x86_64/brk.c
cfn=(14) brk
calls=1 -4 
* 12
fi=(5)
200 5
fe=(7)
+34 2
cfi=(10)
cfn=(20)
calls=1 34 
* 17
* 3
+12 3
+3 6
cfi=(2)
cfn=(22)
calls=1 887 
* 102809
+1 1
+1 8
151 1
+1 1
+27 1
+1 1
-17 1
+1 1
-7 1
+1 1
-4 1
+1 1
-25 1
+1 1
-4 1
+1 1
-7 1
+1 1
+2 1
+1 1
232 1
cfi=(9)
cfn=(18)
calls=1 26 
* 35
* 2

fn=(194)
256 1

fl=(22)
fn=(62)
39 8
+3 1
-1 1
+1 1
+9 1
-12 3
+3 1
-3 1
+3 1
+9 2
+10 4
+31 2
+23 3
cfi=(23)
cfn=(64)
calls=1 -34 
* 9
* 2
-2 1
+17 6
+3 2
+29 2
+8 2
+2 4
+1 4
+4 2
+4 1
-3 1
-1 1
+4 1
+3 2
+4 5
+1 1
-1 7
+1 1
+18 12
+1 4
cfi=(15)
cfn=(36)
calls=1 93 
* 34
* 1
+1 1
-1 1
+1 3
+29 1
+3 1
-3 2
+3 1
+28 9
+1 2
-1 2
+1 6
-1 8
+5 6
+3 1
-3 1
+3 2
-3 1
+3 1
-3 2
+3 1
-3 1
+3 2
-3 1
+3 3
+1 12
+1 4
-1 4
+1 8
-2 4
+1 8
-1 14
+4 4
+3 1
+2 2
-1 1
-1 2
+2 10
+13 2
+1 1
-1 1
+3 2
-3 2
+1 1
-1 1
+3 2
+3 3
+3 1
-1 1
+1 7
145 2
-14 2
243 3
cfi=(24)
cfn=(66)
calls=1 61 
* 22
+1 2
-1 2
+1 1
cfi=(24)
cfn=(66)
calls=1 61 
* 22
* 4

fl=(61)
fn=(252)
66 16
+6 16
-6 24
+3 8
-1 8
+1 8
+3 8
+1 8
-1 16
+1 40
+1 8
-1 8
+1 16
+5 16
+4 16
+4 24
+4 14
+1 28
+2 28
+7 24
-1 8
+8 16
+3 72
cfi=(6)
cfn=(164)
calls=8 714 
* 5820
* 8
+4 24
+4 32
+6 48
+16 8
-8 8
+8 24
+4 24
fi=(5)
+65 8
fe=(61)
-61 40
-64 2
fi=(87) /build/eglibc-oGUzwX/eglibc-2.19/elf/../sysdeps/x86_64/dl-irel.h
-53 1
cob=(3)
cfi=(45)
cfn=(182)
calls=1 -1 
* 68
* 2
fe=(61)

fl=(23)
fn=(104)
81 92
+1 3
+1 100

fn=(64)
81 12
+2 15

fn=(118)
81 12
+1 3

fn=(106)
81 8
+1 2

fl=(48) /build/eglibc-oGUzwX/eglibc-2.19/elf/dl-init.c
fn=(204) call_init.part.0
34 32
+8 4
-8 4
+11 4
-3 8
+3 12
+5 9
+5 4
+8 4
+1 12
cob=(3)
cfi=(50)
cfn=(218)
calls=1 -12 
* 181
cob=(2)
cfi=(14)
cfn=(206)
calls=1 -64 
* 6
+3 2
+1 4
+6 2
+2 4
-2 4
+3 10
+1 8
cob=(3)
cfi=(56)
cfn=(230)
calls=1 550 
* 1342
cob=(4)
cfi=(49)
cfn=(210)
calls=1 -78 
* 16
* 4
cob=(3)
cfi=(58)
cfn=(238)
calls=1 -45 
* 4
* 3
-1 6
+3 18
-29 2
+29 6
-34 3

fn=(202) _dl_init
86 11
+1 1
+1 1
+3 3
+7 4
+27 15
+1 12
-90 20
cfn=(204)
calls=3 -2 
* 1641
* 3
+96 8
-96 3
cfn=(204)
calls=1 -2 
* 77
+58 2

fl=(34)
fn=(128)
34 16
-1 16
+1 16
+1 96
+4 2
-4 56

fl=(30)
fn=(94)
26 3
+9 3
+1 6
+1 3
+4 3
+1 3
+1 3
+1 3
+1 3
+2 6
+2 3
+1 3
+3 6
+2 3
+4 3
+1 3

fl=(27)
fn=(72)
24 11
+1 11
+1 11
+1 11
+1 11
+1 11
+1 11
+1 11
+1 11
+1 11
+1 11
+1 11
+1 11
+1 11
+1 11
+1 11
+1 11
+1 6
+4 6
+1 6
+1 6
+1 6
+2 6
+4 5
+1 5
+1 5
+1 5
+1 5
+1 5
+1 5
+1 5
+1 5
+1 5
+1 5
+1 5
+1 5
+1 5
+1 5
+1 5
+1 5
+1 5
+1 5
+1 5
+1 5
+1 5
+1 5
+1 6
+5 1
+1 1
+3 1
+1 1
+1 1
+1 1
+1 1
+1 1
+1 1
+1 1
+1 1
+1 1
+1 1
+1 1
+1 1
+1 1
+1 1
+1 1
+1 1
+1 1
+2 1
+1 1
-20 1
+1 1
+1 1
+1 1
+1 1
+1 1
+1 1
+1 1
+1 1
+1 1
+1 1
+1 1
+1 1
+1 1
+1 1
+1 1
+1 1
+1 1
+2 1
+1 1
+2 1
+1 1
+1 1
+1 1
+1 1
+1 1
+1 1
+1 1
+2 1
+1 1
+1 1
+1 1
+1 1
+1 1
+1 1
+1 1
+1 1
+1 1
+3 1
+4 1
+1 1
+1 1
+1 1
+2 1
-9 4
+4 4
+1 4
+1 4
+1 4
+2 4

fl=(11)
fn=(24)
30 3
+3 11
+2 134
+11 65
-13 195
-2 1
+19 1
-14 22
+5 2
-3 2
+3 2
+2 2

fl=(37)
fn=(142)
380 6
+4 4
-2 2
+4 28
cfn=(144) _dl_check_map_versions
calls=4 174 
* 2508
-2 4
+2 12
-1 4
-1 8
+5 7

fn=(144)
174 36
+15 4
-15 8
+15 8
+2 4
+3 4
-3 4
+2 4
+1 4
+2 4
-3 4
+3 4
+3 8
+4 12
+17 2
56 2
220 2
56 2
220 2
56 10
+1 5
-1 10
+2 21
cfi=(31)
cfn=(100)
calls=7 288 
* 510
* 16
228 6
+5 14
+19 2
-15 60
cfn=(146) match_symbol
calls=2 76 
* 332
* 6
cfn=(146)
calls=2 76 
* 306
* 4
+7 16
+3 14
+9 8
-73 2
-8 2
+95 12
+3 6
+10 26
-7 104
+3 78
-3 8
+3 6
+8 4
+86 4
-86 4
+87 8
-81 12
cfi=(15)
cfn=(32)
calls=3 102 
* 129
* 3
+1 3
-2 3
+2 3
+11 3
-3 3
+3 6
+2 9
+3 8
+4 6
+18 2
-15 6
+2 6
-2 6
+2 6
+2 4
+1 4
-1 8
+1 4
-1 4
+1 4
+1 4
-2 4
+2 8
+1 12
+3 12
+8 6
+10 9
+3 8
+20 26
-14 26
-2 26
+2 28
-2 2
+2 2
+4 26
+2 26
-1 52
+1 26
-1 78
+1 26
+1 26
+3 84
+10 3
-1 3
+1 21

fn=(146)
76 44
+9 4
-8 4
-1 8
+1 4
+8 4
+6 12
+15 4
+1 8
+2 4
+5 8
+14 42
+12 51
+4 17
-30 34
+16 4
+3 16
cfi=(17)
cfn=(50)
calls=4 -2 
* 330
* 8
+35 32

fl=(102)
fn=(438) _dl_sort_fini
32 9
+2 1
-2 4
+2 1
+6 1
-1 2
+2 1
-1 1
-1 2
+1 4
+1 1
cfi=(26)
cfn=(70)
calls=1 -11 
* 14
* 1
+15 8
+62 5
+3 18
cfi=(26)
cfn=(70)
calls=2 -91 
* 18
* 8
-75 4
-1 6
+1 2
+4 6
+71 1
-75 2
-1 3
+1 1
+4 9
+6 3
+1 3
-1 3
+1 5
+2 8
+1 4
-1 4
+1 4
+3 6
-1 9
+31 9
+21 3
-57 6
+61 11
+7 8

fn=(436)
131 3
+12 1
-12 5
+19 1
-6 1
+9 10
+3 2
cfi=(2)
cfn=(46)
calls=1 837 
* 2
+3 2
+3 2
+2 6
+7 1
+4 1
-4 1
+4 3
+2 2
+3 9
+3 2
+10 8
+2 8
+2 4
+2 4
-2 8
+6 4
-5 4
-7 12
+14 2
+5 6
cfn=(438)
calls=1 32 
* 219
+9 2
cfi=(2)
cfn=(48)
calls=1 843 
* 2
+4 4
+2 1
+2 3
-2 3
+2 9
+3 8
+3 12
+4 4
+7 4
+4 2
+1 2
-1 2
+2 4
+1 6
+1 4
cob=(4)
cfi=(49)
cfn=(452)
calls=1 0 
* 763
cob=(5)
cfi=(59)
cfn=(440) 0x0000000000400630
calls=1 0 
* 16
-1 6
+5 6
+1 6
cob=(2)
cfi=(14)
cfn=(476)
calls=1 0 
* 3
cob=(2)
cfi=(14)
cfn=(450)
calls=1 0 
* 3
+5 24
+16 8
-55 9
-70 2
283 6
-49 4
+55 2
+7 8

fl=(35)
fn=(130)
182 8
+8 2
+3 3
+51 3
+9 1
+6 2
-6 3
+6 1
cfi=(23)
cfn=(64)
calls=1 81 
* 9
* 1
+4 1
-10 1
+10 3
+15 115
cfn=(134) _dl_cache_libcmp
calls=7 138 
* 507
* 32
-82 4
cfi=(31)
cfn=(132)
calls=1 45 
* 67
+8 1
-8 1
+8 4
+1 4
cfi=(12)
cfn=(26)
calls=1 315 
* 112
* 2
+7 1
-3 1
+3 3
+3 1
+1 2
-1 1
+1 1
+1 3
cfi=(12)
cfn=(26)
calls=1 +98 
* 89
* 2
+2 2
+59 24
cfn=(134)
calls=1 138 
* 72
* 3
cfn=(134)
calls=1 138 
* 145
* 6
-14 4
+14 1
-14 2
-1 3
+15 32
+16 2
+5 9
-21 3

fn=(134)
138 27
+1 22
+2 96
+2 48
-2 48
+2 4
+6 2
+2 2
-1 2
-1 2
+1 2
-1 2
+2 6
+2 10
+2 4
+6 92
+2 170
+4 39
+1 39
-29 78
+32 4
+1 4
-8 7
+8 14

fn=(196)
309 4
-1 1
+3 2
cfi=(25)
cfn=(198)
calls=1 81 
* 5
+1 1
+2 2

fl=(1) ???
fn=(0) 0x00000000000012d0
0 2
cfi=(2)
cfn=(2)
calls=1 361 
0 104173
0 14
cfi=(48)
cfn=(202)
calls=1 86 
0 1801
0 3
cob=(5)
cfi=(59)
cfn=(242) 0x0000000000400590
calls=1 0 
0 160395425

fl=(33)
fn=(120)
147 1
+1 1
-1 2
+1 1
-1 1
+1 1
-1 1
+1 2
-1 5
+1 1
-1 1
+1 2
+14 1
-2 1
+1 1
-13 1
+14 1
+6 3
+10 1
-10 1
+10 3
-14 1
-4 1
+2 1
+17 1
-17 1
-2 2
+2 1
-2 1
+2 1
-2 1
+1 1
+1 1
+6 3
+10 1
-10 1
+10 3
-16 3
+20 1
+21 1
+1 1
-22 2
+19 1
-12 1
+15 1
-16 1
+13 1
343 9
209 1
+8 1
-4 1
+4 1
-8 3
+8 3
-4 3
+4 3
+12 8
+2 2
+11 2
-5 2
-6 4
+5 2
+2 4
+1 4
+3 8
-32 2
+32 4
+50 4
+1 3
-51 192
+1 96
+6 10
cfi=(27)
cfn=(72)
calls=2 24 
* 70
* 4
+5 10
-3 2
+3 2
cfi=(29)
cfn=(90)
calls=2 -91 
* 9706
+2 6
+15 2
+2 4
+5 2
+6 2
-6 4
+3 2
+1 2
+1 2
+1 2
+4 10
-2 8
-57 8
-19 2
471 8
+2 6
+3 4
-1 2
cfi=(15)
cfn=(36)
calls=2 93 
* 68
* 2
+2 2
-2 2
+2 2
+3 2
+1 12
cfi=(16)
cfn=(42)
calls=2 61 
* 41
+1 10
cfi=(16)
cfn=(42)
calls=2 61 
* 41
+4 2
-1 2
+5 16
+3 9
-1 4
+1 8
202 1
497 6
+1 2
+3 5
+11 3
-1 1
cfi=(15)
cfn=(36)
calls=1 93 
* 34
* 1
+3 1
-3 1
+3 1
+5 7
+1 4
+2 9
+6 9
+4 3
-10 3
+10 3
-10 7
+6 3
+4 1
-10 1
+10 1
-10 3
+13 2
+51 6
+2 3
+42 2
+1 1
-1 6
+1 1
cfi=(26)
cfn=(70)
calls=1 30 
* 14
* 1
-2 10
+13 1
-6 1
-1 1
+1 1
+6 2
-13 6
+13 2
-6 2
-1 2
+1 2
+6 6
+2 8
+1 4
-1 4
+1 4
+3 6
-1 9
+23 3
-28 6
+31 9
+3 20
cfi=(26)
cfn=(70)
calls=2 30 
* 18
* 15
217 8
+1 17
+2 2
+2 6
+2 26
658 2
+25 2
+2 1
+1 1
-1 1
+2 3
+7 3
+3 2
+3 8
295 138
623 7
cfi=(16)
cfn=(42)
calls=1 61 
* 28
+2 1
-38 1
+38 2

fn=(122)
60 4
+7 2
-4 6
+1 2
-1 2
+1 2
-1 10
cfi=(21)
cfn=(98)
calls=2 2317 
* 9550
* 2
+5 4

fl=(24)
fn=(66)
61 55
+4 55
+3 54
+1 54
+2 15
+1 15
+2 15
+1 15
+5 15
+1 15
-1 39
+1 39
+2 38
+1 38
+2 38
+1 38
+5 38
+1 38
-1 16
+1 16
+2 17
+1 17
+2 17
+1 17
+5 17
+1 17
-1 37
+1 37
+2 31
+1 31
+2 31
+1 62
+5 31
+1 31
-1 23
+1 27
+5 4
+1 4
+1 4
+1 4
+2 4
+2 4
+1 4
+2 4
+6 54
+4 54
+12 6
+2 6
+1 6
+26 6
+1 6
+3 6
+1 6
+1 6
+5 6
+2 6
+1 6
+1 6
+1 6
+2 6
+1 6
+1 6
+1 6
+2 6
+1 6
+2 6
+22 6
+2 6
+2 1
+7 1

fl=(32)
fn=(112)
34 3
-1 3
+1 3
+1 18
+4 3

fl=(8)
fn=(14)
31 1
-3 1
+3 6
+8 1
-6 2
+7 1

ob=(5)
fl=(59)
fn=(268) 0x0000000000400650
0 15

fn=(382) add
0 9504

fn=(282)
0 8
cob=(3)
cfi=(67)
cfn=(288)
calls=1 27 
0 902
cob=(1)
cfi=(60)
cfn=(250)
calls=1 34 
0 873
0 5
0 5
cob=(3)
cfi=(79)
cfn=(332)
calls=1 28 
0 1812
cob=(1)
cfi=(60)
cfn=(250)
calls=1 34 
0 775
0 5
0 3001002
cob=(3)
cfi=(67)
cfn=(288)
calls=250000 27 
0 146643158
0 250000
0 2015028
cob=(3)
cfi=(67)
cfn=(288)
calls=2 27 
0 1184
0 2
0 10
cob=(3)
cfi=(67)
cfn=(288)
calls=2 27 
0 1184
0 2
0 10
cob=(3)
cfi=(84)
cfn=(354)
calls=1 34 
0 2331
cob=(1)
cfi=(60)
cfn=(250)
calls=1 34 
0 744
0 5
0 2
cfn=(368) now
calls=1 0 
0 963
0 8
cfn=(380) bfs
calls=1 0 
0 4231400
0 2
cfn=(368)
calls=1 0 
0 24
0 8
cob=(3)
cfi=(79)
cfn=(332)
calls=1 28 
0 3887
0 1
0 3
cob=(3)
cfi=(84)
cfn=(354)
calls=1 34 
0 2331
0 1
0 2
cfn=(368)
calls=1 0 
0 24
0 8
cfn=(408) dfs
calls=1 0 
0 4227867
0 2
cfn=(368)
calls=1 0 
0 24
0 8
cob=(3)
cfi=(79)
cfn=(332)
calls=1 28 
0 3861
0 1
0 6
cob=(3)
cfi=(67)
cfn=(288)
calls=1 27 
0 297
0 1
0 5
cob=(3)
cfi=(67)
cfn=(288)
calls=1 27 
0 297
0 1
0 10
cob=(3)
cfi=(67)
cfn=(288)
calls=2 27 
0 594
0 2
0 14
cob=(3)
cfi=(99)
cfn=(418)
calls=1 26 
0 178
cob=(1)
cfi=(60)
cfn=(250)
calls=1 34 
0 782
0 5
0 2

fn=(242)
0 11
cob=(3)
cfi=(62)
cfn=(256)
calls=1 133 
0 160394477
cob=(1)
cfi=(60)
cfn=(250)
calls=1 34 
0 932
0 5

fn=(380)
0 8
cfn=(382)
calls=1 0 
0 23
0 5
cfn=(384) delete
calls=1 0 
0 18
0 8
cob=(3)
cfi=(79)
cfn=(332)
calls=1 28 
0 551
0 1
0 2879208
cfn=(382)
calls=499 0 
0 9481
0 1003997
cfn=(384)
calls=500 0 
0 8992
0 3995
cob=(3)
cfi=(79)
cfn=(332)
calls=499 28 
0 319105
0 499
0 5509

fn=(384)
0 9010

fn=(410) push
0 8000

fn=(262)
0 16
cob=(2)
cfi=(14)
cfn=(264)
calls=1 0 
0 6
0 7
cfn=(268)
calls=1 0 
0 15
0 11

fn=(412) pop
0 7009

fn=(444) 0x00000000004005c0
0 8

fn=(440)
0 5
cfn=(444)
calls=1 0 
0 8
0 3

fn=(368)
0 28
cob=(6)
cfi=(88)
cfn=(376)
calls=4 0 
0 12
cob=(1)
cfi=(60)
cfn=(250)
calls=1 34 
0 935
0 8
0 52

fn=(408)
0 8
cfn=(410)
calls=1 0 
0 16
0 5
cfn=(412)
calls=1 0 
0 14
0 8
cob=(3)
cfi=(79)
cfn=(332)
calls=1 28 
0 605
0 1
0 2879208
cfn=(410)
calls=499 0 
0 7984
0 1003997
cfn=(412)
calls=500 0 
0 6995
0 3995
cob=(3)
cfi=(79)
cfn=(332)
calls=499 28 
0 319023
0 499
0 5509

totals: 160501418
